age	hours_pct	mean_hrs	num_obs
"21"	1.00000	0.00000	516783.65000
"21"	3.00000	116.44424	91273.52000
"21"	4.00000	299.81519	321547.56000
"21"	5.00000	353.25833	185904.04000
"21"	6.00000	393.91974	225723.41000
"21"	7.00000	418.70096	81147.93000
"21"	8.00000	470.86050	427620.97000
"21"	10.00000	513.74353	317684.20000
"21"	11.00000	536.25836	47149.02000
"21"	12.00000	585.23126	368757.73000
"21"	13.00000	622.92065	65864.55000
"21"	14.00000	638.52948	199143.11000
"21"	15.00000	673.13043	199001.45000
"21"	16.00000	720.08746	173930.77000
"21"	17.00000	770.70251	361478.97000
"21"	18.00000	799.55896	289880.67000
"21"	20.00000	843.44592	152526.33000
"21"	21.00000	896.84357	224839.86000
"21"	22.00000	952.06189	298569.13000
"21"	23.00000	993.55133	203166.36000
"21"	24.00000	1038.98914	996112.72000
"21"	29.00000	1066.31689	108924.58000
"21"	30.00000	1120.47241	198533.79000
"21"	31.00000	1192.31494	398226.44000
"21"	33.00000	1246.64624	201215.73000
"21"	34.00000	1295.49890	650914.46000
"21"	37.00000	1346.19214	150711.09000
"21"	38.00000	1398.78210	192271.77000
"21"	39.00000	1436.94470	201581.74000
"21"	40.00000	1482.20288	208716.37000
"21"	41.00000	1555.35950	882666.01000
"21"	45.00000	1597.38501	334718.02000
"21"	47.00000	1650.04712	235088.42000
"21"	48.00000	1695.16980	177734.22000
"21"	49.00000	1757.18152	179496.96000
"21"	50.00000	1816.35852	944959.85000
"21"	54.00000	1839.33435	79922.59000
"21"	55.00000	1900.71411	390502.10000
"21"	57.00000	1956.03162	294923.25000
"21"	58.00000	1998.94910	242514.92000
"21"	59.00000	2033.12610	88539.99000
"21"	60.00000	2079.97632	6007680.19000
"21"	90.00000	2187.66650	197502.15000
"21"	91.00000	2333.36011	456674.58000
"21"	93.00000	2458.52612	159373.12000
"21"	94.00000	2594.31665	565125.46000
"21"	96.00000	2659.30688	22280.85000
"21"	97.00000	2798.39600	273153.45000
"21"	98.00000	3087.90381	319749.25000
"21"	99.00000	3231.01733	10830.14000
"21"	100.00000	3804.93628	200794.54000
"22"	1.00000	0.00000	678926.70000
"22"	3.00000	136.40363	114668.64000
"22"	4.00000	286.76642	245825.76000
"22"	5.00000	336.96204	328296.65000
"22"	6.00000	395.47491	263484.56000
"22"	7.00000	429.74487	193036.85000
"22"	8.00000	477.82236	368889.75000
"22"	9.00000	514.06012	328001.40000
"22"	10.00000	550.22626	118927.11000
"22"	11.00000	594.69446	251375.45000
"22"	12.00000	634.36554	338541.56000
"22"	13.00000	665.89270	189387.30000
"22"	14.00000	712.57843	261704.13000
"22"	15.00000	768.29895	435096.61000
"22"	16.00000	799.54590	394010.25000
"22"	18.00000	835.04614	171900.03000
"22"	19.00000	889.99469	285852.52000
"22"	20.00000	947.47784	475904.93000
"22"	21.00000	971.01245	11334.08000
"22"	22.00000	998.60419	266099.97000
"22"	23.00000	1039.95996	1214741.29000
"22"	27.00000	1050.00000	79262.01000
"22"	28.00000	1104.83936	273551.21000
"22"	29.00000	1184.32935	552894.24000
"22"	31.00000	1244.49719	238897.44000
"22"	32.00000	1294.76001	797681.42000
"22"	35.00000	1371.14368	399216.30000
"22"	36.00000	1432.33972	263551.76000
"22"	37.00000	1461.15662	70666.61000
"22"	38.00000	1550.53601	1183596.60000
"22"	42.00000	1598.25928	502674.02000
"22"	44.00000	1651.28992	198072.70000
"22"	45.00000	1697.68420	251048.57000
"22"	46.00000	1754.66321	258354.02000
"22"	47.00000	1815.19751	1105646.96000
"22"	51.00000	1855.66028	233885.80000
"22"	52.00000	1913.89697	333582.60000
"22"	53.00000	1924.00000	105027.37000
"22"	54.00000	1970.07373	254714.02000
"22"	55.00000	1998.52783	282343.39000
"22"	56.00000	2079.21655	8392805.80000
"22"	88.00000	2167.38623	144799.92000
"22"	89.00000	2318.39429	886364.03000
"22"	92.00000	2456.48022	230158.14000
"22"	93.00000	2595.87842	847615.31000
"22"	96.00000	2690.21948	159373.36000
"22"	97.00000	2836.04590	232510.84000
"22"	98.00000	3100.42334	423203.00000
"22"	99.00000	3328.85767	78477.09000
"22"	100.00000	4132.39111	258712.74000
"23"	1.00000	0.00000	860842.30000
"23"	3.00000	66.00184	86761.32000
"23"	4.00000	276.63510	422505.10000
"23"	5.00000	381.65952	340348.51000
"23"	6.00000	436.30820	187777.22000
"23"	7.00000	479.87363	328960.75000
"23"	8.00000	513.35223	314469.38000
"23"	9.00000	578.19006	396818.61000
"23"	10.00000	635.19885	320833.52000
"23"	11.00000	676.46619	232312.57000
"23"	12.00000	731.20166	298485.95000
"23"	13.00000	790.38300	606854.49000
"23"	14.00000	828.93378	71692.88000
"23"	15.00000	875.32123	390442.76000
"23"	16.00000	947.06049	378693.10000
"23"	17.00000	994.59198	298277.63000
"23"	18.00000	1039.28943	1294983.58000
"23"	22.00000	1065.59656	157101.13000
"23"	23.00000	1116.69153	280390.98000
"23"	24.00000	1190.57947	577268.79000
"23"	25.00000	1219.93958	45919.60000
"23"	26.00000	1266.72644	421622.08000
"23"	27.00000	1299.80676	607520.92000
"23"	29.00000	1345.35852	243048.12000
"23"	30.00000	1421.45312	562445.18000
"23"	31.00000	1455.06921	63697.21000
"23"	32.00000	1548.44299	1371803.08000
"23"	36.00000	1597.52112	526666.18000
"23"	38.00000	1652.00623	311944.48000
"23"	39.00000	1709.42944	317410.85000
"23"	40.00000	1778.19849	461085.57000
"23"	41.00000	1819.92651	1032697.56000
"23"	44.00000	1838.75293	138241.51000
"23"	45.00000	1901.67175	619800.75000
"23"	47.00000	1960.81848	461396.67000
"23"	48.00000	1999.40222	346323.79000
"23"	49.00000	2036.11243	195728.10000
"23"	50.00000	2079.95581	11223602.52000
"23"	85.00000	2100.42993	34807.67000
"23"	86.00000	2192.25049	348689.97000
"23"	87.00000	2330.76978	1209839.88000
"23"	90.00000	2386.50879	53784.32000
"23"	91.00000	2470.50928	327446.69000
"23"	92.00000	2596.29565	1266410.52000
"23"	96.00000	2802.26929	526119.25000
"23"	97.00000	2898.47290	71141.96000
"23"	98.00000	3104.39111	545673.07000
"23"	99.00000	3335.87402	110521.48000
"23"	100.00000	3982.36255	274929.30000
"24"	1.00000	0.00000	1110421.35000
"24"	4.00000	189.55051	344102.40000
"24"	5.00000	328.11334	376728.68000
"24"	6.00000	409.71375	376543.18000
"24"	7.00000	481.23407	374047.64000
"24"	8.00000	531.04608	374715.44000
"24"	9.00000	617.89484	502119.13000
"24"	10.00000	676.50513	233588.52000
"24"	11.00000	754.58594	492423.84000
"24"	12.00000	799.97260	320777.87000
"24"	13.00000	837.25708	223318.07000
"24"	14.00000	902.10010	388215.90000
"24"	15.00000	976.44434	487874.75000
"24"	16.00000	1039.38672	1153357.00000
"24"	19.00000	1063.68384	146783.52000
"24"	20.00000	1131.20264	379406.81000
"24"	21.00000	1199.20190	457991.89000
"24"	22.00000	1246.24219	263191.71000
"24"	23.00000	1293.52856	716471.73000
"24"	25.00000	1372.39221	428539.54000
"24"	26.00000	1435.21423	297284.74000
"24"	27.00000	1502.77417	371340.44000
"24"	28.00000	1559.98718	980184.88000
"24"	30.00000	1597.87354	644550.97000
"24"	32.00000	1653.97583	296942.28000
"24"	33.00000	1692.81421	262671.65000
"24"	34.00000	1749.52307	371737.36000
"24"	35.00000	1813.63953	1274330.83000
"24"	38.00000	1861.40564	392806.43000
"24"	39.00000	1914.29980	425290.69000
"24"	40.00000	1924.00000	115457.95000
"24"	41.00000	1968.73743	480028.08000
"24"	42.00000	1999.14514	431298.00000
"24"	43.00000	2034.27905	244062.36000
"24"	44.00000	2079.98145	13916415.67000
"24"	82.00000	2136.05322	163670.78000
"24"	83.00000	2227.66626	400983.18000
"24"	84.00000	2338.71216	1397668.88000
"24"	88.00000	2457.61401	448636.63000
"24"	89.00000	2595.40796	1994729.50000
"24"	94.00000	2694.67090	232160.68000
"24"	95.00000	2851.14429	570533.65000
"24"	96.00000	2880.00000	9638.57000
"24"	97.00000	3099.30908	824178.90000
"24"	99.00000	3469.36987	402282.44000
"24"	100.00000	4194.30518	221870.79000
"25"	1.00000	0.00000	1234908.62000
"25"	4.00000	201.27852	352627.70000
"25"	5.00000	357.36969	408301.77000
"25"	6.00000	460.23126	400043.35000
"25"	7.00000	526.28619	333112.28000
"25"	8.00000	619.72552	390392.65000
"25"	9.00000	707.18182	388609.27000
"25"	10.00000	790.92542	459512.62000
"25"	11.00000	866.00470	364180.12000
"25"	12.00000	947.13037	347586.96000
"25"	13.00000	1031.34204	1280403.34000
"25"	16.00000	1094.78552	301759.33000
"25"	17.00000	1189.14978	501774.85000
"25"	18.00000	1247.17822	266096.76000
"25"	19.00000	1292.75256	708222.65000
"25"	20.00000	1321.95081	58502.56000
"25"	21.00000	1382.19275	395144.92000
"25"	22.00000	1437.37231	391280.57000
"25"	23.00000	1546.97791	1252962.01000
"25"	26.00000	1598.24158	694879.76000
"25"	28.00000	1662.52539	468253.11000
"25"	29.00000	1744.80432	426541.59000
"25"	30.00000	1796.53149	272568.63000
"25"	31.00000	1820.00000	1079142.00000
"25"	33.00000	1838.48816	182652.32000
"25"	34.00000	1873.69885	294708.45000
"25"	35.00000	1917.78845	443269.11000
"25"	36.00000	1960.13977	632159.89000
"25"	37.00000	1999.00476	514126.74000
"25"	39.00000	2079.32812	16080673.99000
"25"	80.00000	2162.09937	372937.89000
"25"	81.00000	2232.24609	272964.14000
"25"	82.00000	2335.69995	1959422.28000
"25"	87.00000	2460.63647	500086.73000
"25"	88.00000	2595.40771	2289836.01000
"25"	94.00000	2710.18604	326263.19000
"25"	95.00000	2857.41089	566979.77000
"25"	96.00000	3094.36450	1088486.97000
"25"	99.00000	3507.17334	391591.54000
"25"	100.00000	4273.28760	281409.42000
"26"	1.00000	0.00000	1425373.96000
"26"	4.00000	134.78668	234086.90000
"26"	5.00000	313.71655	388040.04000
"26"	6.00000	441.31427	553159.13000
"26"	7.00000	527.32599	311879.51000
"26"	8.00000	621.34814	368522.60000
"26"	9.00000	735.33624	507206.19000
"26"	10.00000	804.57739	327664.86000
"26"	11.00000	887.25494	404316.81000
"26"	12.00000	976.89679	432108.26000
"26"	13.00000	1039.06482	961727.57000
"26"	15.00000	1094.55261	261251.94000
"26"	16.00000	1186.47107	449219.28000
"26"	17.00000	1261.15369	426921.06000
"26"	18.00000	1299.26758	419225.15000
"26"	19.00000	1374.77271	433964.25000
"26"	20.00000	1436.05933	324564.07000
"26"	21.00000	1542.77002	1042922.70000
"26"	23.00000	1598.00293	620548.06000
"26"	25.00000	1661.72571	521996.87000
"26"	26.00000	1730.76306	272432.76000
"26"	27.00000	1777.49670	526074.25000
"26"	28.00000	1819.96704	1148981.62000
"26"	31.00000	1859.26929	464135.46000
"26"	32.00000	1914.09692	546752.32000
"26"	33.00000	1927.12476	142423.75000
"26"	34.00000	1972.05933	425562.53000
"26"	35.00000	1998.77856	532204.06000
"26"	36.00000	2040.20618	269423.38000
"26"	37.00000	2080.00000	17086573.62000
"26"	78.00000	2134.54590	146613.15000
"26"	79.00000	2205.55786	400299.44000
"26"	80.00000	2332.59351	2174390.22000
"26"	85.00000	2404.72632	258932.77000
"26"	86.00000	2496.26318	415490.61000
"26"	87.00000	2598.68530	2506119.46000
"26"	93.00000	2699.27710	367337.92000
"26"	94.00000	2852.43506	779655.08000
"26"	95.00000	2880.00000	21941.95000
"26"	96.00000	3103.09668	1254603.11000
"26"	99.00000	3485.65088	437766.73000
"26"	100.00000	4254.88867	352838.88000
"27"	1.00000	0.00000	1567177.58000
"27"	4.00000	62.25932	127126.25000
"27"	5.00000	260.68027	426076.44000
"27"	6.00000	394.74777	418689.40000
"27"	7.00000	498.88406	444871.97000
"27"	8.00000	608.31262	465806.88000
"27"	9.00000	705.23895	359450.48000
"27"	10.00000	793.33350	425234.20000
"27"	11.00000	874.76233	421370.67000
"27"	12.00000	1018.87164	1227931.42000
"27"	14.00000	1050.00000	49276.18000
"27"	15.00000	1158.73389	649617.88000
"27"	16.00000	1247.35535	257402.30000
"27"	17.00000	1293.27136	590518.12000
"27"	18.00000	1345.39978	198160.42000
"27"	19.00000	1422.29077	495624.45000
"27"	20.00000	1497.92700	340502.43000
"27"	21.00000	1559.99280	742067.80000
"27"	22.00000	1598.61389	560016.92000
"27"	24.00000	1663.90662	488936.56000
"27"	25.00000	1744.09351	466536.80000
"27"	26.00000	1796.44080	279725.55000
"27"	27.00000	1819.97705	1039248.75000
"27"	29.00000	1858.40784	421843.19000
"27"	30.00000	1913.90027	499705.43000
"27"	31.00000	1924.00000	159188.13000
"27"	32.00000	1969.88586	540513.70000
"27"	33.00000	1999.15002	463649.64000
"27"	34.00000	2079.40430	17850290.24000
"27"	76.00000	2165.28540	462773.78000
"27"	77.00000	2224.67041	181817.75000
"27"	78.00000	2333.20386	2399904.47000
"27"	83.00000	2384.99268	114009.63000
"27"	84.00000	2467.69336	591495.01000
"27"	85.00000	2595.78271	2919905.31000
"27"	92.00000	2699.22925	347439.78000
"27"	93.00000	2851.23364	907869.76000
"27"	95.00000	3097.80029	1378806.09000
"27"	98.00000	3353.16016	310612.46000
"27"	99.00000	3634.85693	360471.36000
"27"	100.00000	4363.33203	363590.02000
"28"	1.00000	0.00000	1705131.52000
"28"	4.00000	23.72248	65408.99000
"28"	5.00000	233.65834	526980.23000
"28"	6.00000	385.63083	349472.38000
"28"	7.00000	489.42700	533132.35000
"28"	8.00000	604.92352	467356.06000
"28"	9.00000	692.33020	304019.25000
"28"	10.00000	791.09717	481979.71000
"28"	11.00000	913.86902	578392.05000
"28"	12.00000	1030.86316	1067797.60000
"28"	14.00000	1052.01440	67861.54000
"28"	15.00000	1127.09265	438716.24000
"28"	16.00000	1212.78821	524449.45000
"28"	17.00000	1288.67029	620927.14000
"28"	18.00000	1343.04773	169929.86000
"28"	19.00000	1419.06030	498037.42000
"28"	20.00000	1499.96753	380312.47000
"28"	21.00000	1559.94678	795246.69000
"28"	22.00000	1597.62280	588086.58000
"28"	24.00000	1663.69910	520797.02000
"28"	25.00000	1745.77209	511274.18000
"28"	26.00000	1796.48743	228331.35000
"28"	27.00000	1819.98975	971436.43000
"28"	29.00000	1861.26172	527992.36000
"28"	30.00000	1912.19800	478805.61000
"28"	31.00000	1940.19141	302400.93000
"28"	32.00000	1975.99780	405761.12000
"28"	33.00000	1999.23279	491194.93000
"28"	34.00000	2079.47778	18338015.26000
"28"	76.00000	2167.27051	443691.45000
"28"	77.00000	2246.93945	482189.29000
"28"	78.00000	2339.04028	2342208.96000
"28"	83.00000	2402.41333	287242.19000
"28"	84.00000	2492.38965	414823.32000
"28"	85.00000	2595.76465	3295272.62000
"28"	92.00000	2696.55225	289604.15000
"28"	93.00000	2850.87109	890914.51000
"28"	95.00000	3095.11157	1483214.01000
"28"	98.00000	3352.67456	311430.00000
"28"	99.00000	3620.03174	291537.79000
"28"	100.00000	4280.08594	424441.74000
"29"	1.00000	0.00000	1848031.53000
"29"	5.00000	167.06689	455514.72000
"29"	6.00000	362.30585	439214.13000
"29"	7.00000	484.60660	534195.71000
"29"	8.00000	599.08856	449945.83000
"29"	9.00000	704.41907	338045.40000
"29"	10.00000	789.82916	453150.11000
"29"	11.00000	879.57977	450515.93000
"29"	12.00000	1019.19604	1252793.12000
"29"	14.00000	1061.14062	102686.47000
"29"	15.00000	1167.52551	617869.73000
"29"	16.00000	1260.91895	439723.01000
"29"	17.00000	1299.36292	344298.18000
"29"	18.00000	1376.35071	406149.45000
"29"	19.00000	1453.75122	517795.35000
"29"	20.00000	1553.33374	901546.84000
"29"	22.00000	1598.33008	614563.06000
"29"	23.00000	1653.21008	256053.77000
"29"	24.00000	1703.53223	429473.45000
"29"	25.00000	1778.82983	498137.66000
"29"	26.00000	1820.00000	1080946.12000
"29"	28.00000	1860.40662	440867.69000
"29"	29.00000	1915.46338	404256.11000
"29"	30.00000	1939.74048	310785.81000
"29"	31.00000	1975.93701	424078.42000
"29"	32.00000	1998.80115	502870.45000
"29"	33.00000	2079.46240	18941345.85000
"29"	75.00000	2167.32227	451050.50000
"29"	76.00000	2252.69434	503319.23000
"29"	77.00000	2338.87207	2530912.76000
"29"	82.00000	2395.05103	184207.00000
"29"	83.00000	2482.85669	525917.17000
"29"	84.00000	2596.83984	3499905.80000
"29"	92.00000	2707.73340	400149.65000
"29"	93.00000	2858.19775	891172.05000
"29"	94.00000	2879.61011	34004.22000
"29"	95.00000	3096.80859	1639152.17000
"29"	98.00000	3352.21997	276045.68000
"29"	99.00000	3616.81689	321967.62000
"29"	100.00000	4252.30908	449439.46000
"30"	1.00000	0.00000	2049011.86000
"30"	5.00000	98.68877	292357.12000
"30"	6.00000	302.27905	473331.99000
"30"	7.00000	440.71378	529078.63000
"30"	8.00000	548.31879	452711.74000
"30"	9.00000	667.79688	507820.96000
"30"	10.00000	784.20074	451871.92000
"30"	11.00000	880.92377	388856.69000
"30"	12.00000	1018.21906	1121643.69000
"30"	14.00000	1094.52502	304432.95000
"30"	15.00000	1187.01172	475159.49000
"30"	16.00000	1261.74170	444756.20000
"30"	17.00000	1312.97461	487119.26000
"30"	18.00000	1420.98645	525289.80000
"30"	19.00000	1543.35437	1099219.76000
"30"	21.00000	1598.78430	578755.72000
"30"	22.00000	1632.87695	108808.37000
"30"	23.00000	1685.32678	510263.75000
"30"	24.00000	1774.46729	524845.82000
"30"	25.00000	1819.91675	1051438.75000
"30"	27.00000	1858.73645	436697.61000
"30"	28.00000	1913.91089	481694.13000
"30"	29.00000	1939.27966	324951.64000
"30"	30.00000	1976.00000	410926.95000
"30"	31.00000	1999.34424	478470.66000
"30"	32.00000	2079.46460	19721790.16000
"30"	74.00000	2164.18726	556772.40000
"30"	75.00000	2230.59839	367588.96000
"30"	76.00000	2335.45557	2877868.30000
"30"	82.00000	2466.11230	712561.56000
"30"	83.00000	2500.00000	89042.91000
"30"	84.00000	2598.90039	3563646.32000
"30"	91.00000	2698.12378	379796.73000
"30"	92.00000	2851.00513	1028329.25000
"30"	94.00000	2938.56396	168144.18000
"30"	95.00000	3116.43970	1620724.55000
"30"	98.00000	3354.49609	304754.75000
"30"	99.00000	3610.57080	393790.50000
"30"	100.00000	4237.53613	463954.93000
"31"	1.00000	0.00000	2111161.43000
"31"	5.00000	78.46494	207477.48000
"31"	6.00000	269.84723	462938.46000
"31"	7.00000	424.12320	609697.03000
"31"	8.00000	525.77289	317777.59000
"31"	9.00000	652.12494	551464.30000
"31"	10.00000	782.51910	472140.32000
"31"	11.00000	870.14697	364331.56000
"31"	12.00000	1017.42902	1283976.90000
"31"	14.00000	1070.83337	113269.25000
"31"	15.00000	1169.83606	527471.03000
"31"	16.00000	1259.32922	449906.89000
"31"	17.00000	1302.52661	431175.58000
"31"	18.00000	1407.79077	645503.55000
"31"	19.00000	1489.89087	256209.49000
"31"	20.00000	1558.83423	799826.78000
"31"	21.00000	1598.82373	573664.74000
"31"	22.00000	1610.00000	15014.58000
"31"	23.00000	1667.35413	464591.43000
"31"	24.00000	1766.47412	616838.17000
"31"	25.00000	1819.97156	1020358.97000
"31"	27.00000	1858.56140	429632.58000
"31"	28.00000	1914.87793	534373.34000
"31"	29.00000	1928.06006	189353.16000
"31"	30.00000	1971.93225	512268.24000
"31"	31.00000	1998.36633	519360.87000
"31"	32.00000	2079.35376	19474210.01000
"31"	74.00000	2167.58789	387660.04000
"31"	75.00000	2252.76416	522058.55000
"31"	76.00000	2338.81421	2630091.51000
"31"	81.00000	2384.33423	96798.81000
"31"	82.00000	2475.16309	688590.89000
"31"	83.00000	2522.09082	177688.46000
"31"	84.00000	2599.98389	3638988.43000
"31"	91.00000	2696.56055	344241.18000
"31"	92.00000	2852.31641	1033329.65000
"31"	94.00000	2903.07324	115182.66000
"31"	95.00000	3110.13110	1655066.62000
"31"	98.00000	3361.99829	294773.54000
"31"	99.00000	3613.79053	336599.01000
"31"	100.00000	4287.71436	450345.24000
"32"	1.00000	0.00000	2290332.22000
"32"	5.00000	18.46067	49129.05000
"32"	6.00000	189.71002	470083.93000
"32"	7.00000	376.65213	475804.25000
"32"	8.00000	499.88492	457487.36000
"32"	9.00000	614.24298	461641.53000
"32"	10.00000	759.32288	592153.00000
"32"	11.00000	869.61981	341908.79000
"32"	12.00000	1016.13818	1290178.73000
"32"	14.00000	1071.79565	116801.55000
"32"	15.00000	1171.33875	559129.33000
"32"	16.00000	1260.24365	395964.67000
"32"	17.00000	1312.97668	480508.22000
"32"	18.00000	1417.76038	472664.72000
"32"	19.00000	1540.03723	999978.34000
"32"	21.00000	1598.20471	659319.84000
"32"	22.00000	1654.19360	330230.51000
"32"	23.00000	1695.17310	313071.09000
"32"	24.00000	1773.57947	509132.38000
"32"	25.00000	1819.96997	1034377.77000
"32"	27.00000	1859.42419	505479.79000
"32"	28.00000	1912.54077	488534.11000
"32"	29.00000	1936.70496	315774.07000
"32"	30.00000	1976.00000	452155.17000
"32"	31.00000	1998.01672	483691.94000
"32"	32.00000	2079.49585	19317382.04000
"32"	73.00000	2166.15332	449455.27000
"32"	74.00000	2231.50244	308345.95000
"32"	75.00000	2334.95898	2912875.18000
"32"	81.00000	2466.38721	750827.51000
"32"	82.00000	2500.00000	91191.48000
"32"	83.00000	2598.42334	3865463.67000
"32"	91.00000	2697.87329	374909.23000
"32"	92.00000	2851.19238	1129796.22000
"32"	94.00000	2912.81201	155045.21000
"32"	95.00000	3116.53491	1638235.60000
"32"	98.00000	3358.58105	316192.30000
"32"	99.00000	3625.59863	401731.90000
"32"	100.00000	4225.51660	444922.22000
"33"	1.00000	0.00000	2354981.92000
"33"	6.00000	137.00116	463564.56000
"33"	7.00000	339.23550	535567.05000
"33"	8.00000	479.90335	541836.79000
"33"	9.00000	603.67950	393223.94000
"33"	10.00000	732.38153	483539.96000
"33"	11.00000	826.12231	441307.48000
"33"	12.00000	935.03357	426093.11000
"33"	13.00000	1032.33386	916845.52000
"33"	14.00000	1050.00000	29652.92000
"33"	15.00000	1158.57178	645282.46000
"33"	16.00000	1260.67065	420709.89000
"33"	17.00000	1302.74536	333388.11000
"33"	18.00000	1406.76099	624980.21000
"33"	19.00000	1541.52539	1036545.92000
"33"	21.00000	1598.30017	551555.69000
"33"	22.00000	1653.58691	359761.41000
"33"	23.00000	1687.30005	269172.52000
"33"	24.00000	1768.85229	619240.12000
"33"	25.00000	1819.98743	982374.74000
"33"	27.00000	1859.71875	484047.66000
"33"	28.00000	1913.41577	443693.70000
"33"	29.00000	1940.86987	315855.43000
"33"	30.00000	1976.25146	425590.10000
"33"	31.00000	2000.00000	504059.18000
"33"	32.00000	2079.41626	19335013.21000
"33"	73.00000	2168.09961	470788.20000
"33"	74.00000	2253.49878	517525.16000
"33"	75.00000	2339.05200	2591629.85000
"33"	80.00000	2385.60718	115047.25000
"33"	81.00000	2474.72729	665620.08000
"33"	82.00000	2596.41846	3935806.11000
"33"	90.00000	2641.80249	48025.25000
"33"	91.00000	2723.45874	502278.79000
"33"	92.00000	2859.82153	1020247.77000
"33"	94.00000	3098.25488	1970054.06000
"33"	98.00000	3356.95312	320564.79000
"33"	99.00000	3616.79883	410596.61000
"33"	100.00000	4313.44238	469496.85000
"34"	1.00000	0.00000	2431533.29000
"34"	6.00000	135.00687	446253.99000
"34"	7.00000	339.50717	488104.89000
"34"	8.00000	479.97470	477156.27000
"34"	9.00000	608.34375	463212.48000
"34"	10.00000	759.26569	637303.64000
"34"	11.00000	862.13318	335878.79000
"34"	12.00000	1015.72021	1265352.81000
"34"	14.00000	1077.13269	138953.59000
"34"	15.00000	1175.19922	570912.61000
"34"	16.00000	1260.72058	428512.03000
"34"	17.00000	1308.65930	466965.61000
"34"	18.00000	1415.30896	588470.72000
"34"	19.00000	1498.80457	326213.67000
"34"	20.00000	1559.84705	706413.95000
"34"	21.00000	1597.69568	564538.76000
"34"	22.00000	1655.01990	379388.27000
"34"	23.00000	1688.79871	274326.61000
"34"	24.00000	1767.37463	613967.94000
"34"	25.00000	1819.93359	1032782.63000
"34"	27.00000	1860.02319	445650.62000
"34"	28.00000	1914.39905	512273.79000
"34"	29.00000	1939.70813	328247.72000
"34"	30.00000	1975.91821	410034.40000
"34"	31.00000	1999.06934	534944.03000
"34"	32.00000	2079.48193	19823893.77000
"34"	73.00000	2135.86914	130699.60000
"34"	74.00000	2202.03931	570364.15000
"34"	75.00000	2281.09790	388452.31000
"34"	76.00000	2339.98730	2491746.34000
"34"	81.00000	2463.96802	880150.44000
"34"	83.00000	2596.02368	3886359.75000
"34"	91.00000	2709.13843	382746.27000
"34"	92.00000	2855.94995	1093870.80000
"34"	94.00000	3098.86230	1972956.05000
"34"	98.00000	3356.48657	386912.37000
"34"	99.00000	3617.32031	374906.98000
"34"	100.00000	4310.98389	450314.06000
"35"	1.00000	0.00000	2557778.38000
"35"	6.00000	118.98282	404428.02000
"35"	7.00000	333.71109	471823.14000
"35"	8.00000	483.94196	554900.73000
"35"	9.00000	605.73657	439178.76000
"35"	10.00000	734.55707	450420.29000
"35"	11.00000	838.78729	491036.15000
"35"	12.00000	1012.44379	1214958.83000
"35"	14.00000	1101.28455	254071.65000
"35"	15.00000	1203.84949	619691.63000
"35"	16.00000	1290.98083	550575.25000
"35"	17.00000	1370.51355	361292.26000
"35"	18.00000	1444.35645	442736.29000
"35"	19.00000	1549.05237	914272.13000
"35"	20.00000	1576.05933	34467.18000
"35"	21.00000	1600.24377	491794.65000
"35"	22.00000	1664.26270	476398.59000
"35"	23.00000	1764.02966	672380.57000
"35"	24.00000	1819.89526	1122600.51000
"35"	26.00000	1839.77966	158288.45000
"35"	27.00000	1897.90002	714258.42000
"35"	28.00000	1940.59595	330341.77000
"35"	29.00000	1975.97742	423673.29000
"35"	30.00000	1999.04504	534213.38000
"35"	31.00000	2079.47534	20535136.32000
"35"	73.00000	2166.57422	505527.00000
"35"	74.00000	2255.80737	489988.56000
"35"	75.00000	2339.29761	2493237.40000
"35"	80.00000	2412.31421	315444.79000
"35"	81.00000	2495.75293	518380.07000
"35"	82.00000	2596.45752	4205624.15000
"35"	90.00000	2694.42480	404528.09000
"35"	91.00000	2849.86230	1149971.80000
"35"	93.00000	2903.16699	149731.24000
"35"	94.00000	3111.49756	1980539.65000
"35"	98.00000	3355.57227	400237.90000
"35"	99.00000	3632.16016	491620.20000
"35"	100.00000	4341.20996	443133.47000
"36"	1.00000	0.00000	2562636.61000
"36"	6.00000	109.45560	345218.31000
"36"	7.00000	304.87665	473123.19000
"36"	8.00000	465.60632	589567.52000
"36"	9.00000	601.56891	385441.10000
"36"	10.00000	752.58478	658786.14000
"36"	11.00000	859.37262	298236.33000
"36"	12.00000	1012.06549	1170145.89000
"36"	14.00000	1100.60120	287177.25000
"36"	15.00000	1209.28528	476771.73000
"36"	16.00000	1288.15247	592219.20000
"36"	17.00000	1378.92383	372454.84000
"36"	18.00000	1474.93787	490584.55000
"36"	19.00000	1559.91846	746289.62000
"36"	20.00000	1598.22009	517393.24000
"36"	21.00000	1653.70984	344011.15000
"36"	22.00000	1705.50549	361981.35000
"36"	23.00000	1778.11963	442167.08000
"36"	24.00000	1819.93030	1066488.36000
"36"	26.00000	1858.57129	489500.58000
"36"	27.00000	1912.44690	396411.73000
"36"	28.00000	1959.77356	825971.04000
"36"	29.00000	1999.14099	372376.12000
"36"	30.00000	2036.58801	223336.06000
"36"	31.00000	2079.98096	20120870.04000
"36"	72.00000	2138.25513	178488.56000
"36"	73.00000	2204.90820	541929.57000
"36"	74.00000	2332.61279	2873397.98000
"36"	80.00000	2463.92432	866409.76000
"36"	81.00000	2500.00000	110963.37000
"36"	82.00000	2598.66040	4189296.12000
"36"	90.00000	2697.06836	329991.32000
"36"	91.00000	2849.12842	1130178.73000
"36"	93.00000	2906.23755	169206.01000
"36"	94.00000	3111.71436	1986752.55000
"36"	98.00000	3362.13574	351205.89000
"36"	99.00000	3633.62134	482287.95000
"36"	100.00000	4323.87598	474990.87000
"37"	1.00000	0.00000	2576420.62000
"37"	6.00000	121.01309	393935.81000
"37"	7.00000	333.07828	545913.61000
"37"	8.00000	481.89645	458448.39000
"37"	9.00000	609.04681	431243.79000
"37"	10.00000	760.43579	655825.70000
"37"	11.00000	863.80701	332134.20000
"37"	12.00000	1011.28412	1148238.39000
"37"	14.00000	1102.21094	320154.01000
"37"	15.00000	1214.52380	531779.76000
"37"	16.00000	1289.38416	587335.99000
"37"	17.00000	1374.71375	346538.39000
"37"	18.00000	1463.82068	547497.59000
"37"	19.00000	1558.31653	833555.97000
"37"	20.00000	1598.46582	496326.40000
"37"	21.00000	1625.34448	77294.39000
"37"	22.00000	1671.23914	487165.65000
"37"	23.00000	1764.30884	597053.18000
"37"	24.00000	1819.96411	1009894.28000
"37"	26.00000	1862.45776	461548.38000
"37"	27.00000	1914.28259	420565.86000
"37"	28.00000	1959.10999	879050.17000
"37"	29.00000	1998.69312	436489.82000
"37"	30.00000	2034.68518	214037.49000
"37"	31.00000	2079.97119	19972447.05000
"37"	72.00000	2166.79395	510800.16000
"37"	73.00000	2256.44214	526232.83000
"37"	74.00000	2339.02979	2607807.43000
"37"	79.00000	2411.24121	313464.78000
"37"	80.00000	2493.87891	628055.51000
"37"	81.00000	2596.65869	4475886.15000
"37"	90.00000	2694.43726	372551.30000
"37"	91.00000	2847.84888	1266846.77000
"37"	93.00000	2904.85156	130684.86000
"37"	94.00000	3111.32373	2017700.35000
"37"	98.00000	3353.12012	361823.82000
"37"	99.00000	3642.84033	490478.88000
"37"	100.00000	4345.52930	488013.01000
"38"	1.00000	0.00000	2582128.99000
"38"	6.00000	128.30540	394466.56000
"38"	7.00000	331.95309	494214.78000
"38"	8.00000	484.17834	522510.37000
"38"	9.00000	624.61786	481533.09000
"38"	10.00000	774.54260	576906.60000
"38"	11.00000	875.14520	410485.54000
"38"	12.00000	1024.19312	1091281.15000
"38"	14.00000	1115.40063	421852.33000
"38"	15.00000	1225.88086	501914.66000
"38"	16.00000	1293.48401	520409.10000
"38"	17.00000	1377.13733	435048.69000
"38"	18.00000	1464.48779	512850.29000
"38"	19.00000	1558.49402	811186.51000
"38"	20.00000	1598.58838	556250.89000
"38"	21.00000	1655.70300	347642.58000
"38"	22.00000	1696.56494	290108.71000
"38"	23.00000	1773.29053	562446.79000
"38"	24.00000	1819.95142	1036897.83000
"38"	26.00000	1862.06018	488667.52000
"38"	27.00000	1913.66199	441401.10000
"38"	28.00000	1961.06726	797915.72000
"38"	29.00000	1999.29443	451459.49000
"38"	30.00000	2036.09863	189708.40000
"38"	31.00000	2079.98413	20286799.67000
"38"	72.00000	2170.53271	498238.03000
"38"	73.00000	2255.48145	533322.55000
"38"	74.00000	2339.06592	2668221.01000
"38"	79.00000	2391.84741	261124.64000
"38"	80.00000	2486.30933	653754.55000
"38"	81.00000	2596.31421	4338404.58000
"38"	90.00000	2707.46582	462332.35000
"38"	91.00000	2856.12769	1225106.66000
"38"	93.00000	2945.18506	257173.30000
"38"	94.00000	3119.26831	2066051.45000
"38"	98.00000	3362.16382	416503.09000
"38"	99.00000	3638.58716	529700.23000
"38"	100.00000	4294.06006	457220.19000
"39"	1.00000	0.00000	2510709.13000
"39"	6.00000	139.06349	445084.03000
"39"	7.00000	355.73389	491253.61000
"39"	8.00000	495.46719	491006.48000
"39"	9.00000	626.70026	511100.62000
"39"	10.00000	774.07782	523001.34000
"39"	11.00000	902.07733	539818.71000
"39"	12.00000	1032.51135	991146.10000
"39"	14.00000	1144.81519	587430.12000
"39"	15.00000	1260.13757	407866.69000
"39"	16.00000	1299.73474	366793.94000
"39"	17.00000	1395.65015	661424.10000
"39"	18.00000	1543.66125	1078686.64000
"39"	20.00000	1598.36145	484061.30000
"39"	21.00000	1655.66870	348286.69000
"39"	22.00000	1706.25769	382139.94000
"39"	23.00000	1807.34302	1484515.98000
"39"	26.00000	1861.72363	503588.99000
"39"	27.00000	1919.73291	466783.82000
"39"	28.00000	1971.49548	661700.88000
"39"	29.00000	1998.49524	418206.17000
"39"	30.00000	2079.51880	20441441.90000
"39"	71.00000	2115.66992	93348.32000
"39"	72.00000	2194.71509	612687.30000
"39"	73.00000	2333.38354	3034212.38000
"39"	79.00000	2410.68164	281743.48000
"39"	80.00000	2493.79370	551949.23000
"39"	81.00000	2596.42188	4394530.90000
"39"	90.00000	2699.66650	467126.74000
"39"	91.00000	2852.69238	1249341.74000
"39"	93.00000	2928.89380	243549.17000
"39"	94.00000	3117.25464	2019981.77000
"39"	98.00000	3359.62476	407326.13000
"39"	99.00000	3648.52051	529858.72000
"39"	100.00000	4321.76367	449318.44000
"40"	1.00000	0.00000	2561610.85000
"40"	6.00000	136.94930	511647.42000
"40"	7.00000	362.69217	499100.93000
"40"	8.00000	505.91437	507296.64000
"40"	9.00000	654.15619	512331.90000
"40"	10.00000	790.54370	530493.60000
"40"	11.00000	915.60120	498621.40000
"40"	12.00000	1031.55774	1029443.51000
"40"	14.00000	1148.85461	603628.69000
"40"	15.00000	1255.79773	421404.40000
"40"	16.00000	1312.07507	483104.86000
"40"	17.00000	1426.66797	520899.94000
"40"	18.00000	1547.63831	1008822.86000
"40"	20.00000	1598.05847	510511.24000
"40"	21.00000	1668.63000	508566.22000
"40"	22.00000	1764.38794	657924.69000
"40"	23.00000	1819.89307	1253684.05000
"40"	25.00000	1838.80127	131091.97000
"40"	26.00000	1894.34961	812305.48000
"40"	27.00000	1924.74438	203996.82000
"40"	28.00000	1971.94617	622674.41000
"40"	29.00000	1998.94678	481360.38000
"40"	30.00000	2079.49146	21671266.03000
"40"	72.00000	2132.01147	166142.05000
"40"	73.00000	2201.91479	572806.70000
"40"	74.00000	2333.26807	3076926.76000
"40"	80.00000	2465.14404	879678.22000
"40"	81.00000	2500.00000	130843.58000
"40"	82.00000	2598.73267	4345842.74000
"40"	90.00000	2698.15112	441096.30000
"40"	91.00000	2852.38940	1168259.86000
"40"	93.00000	2906.41504	161658.74000
"40"	94.00000	3113.43750	2251701.94000
"40"	98.00000	3353.82495	372265.26000
"40"	99.00000	3617.17139	414552.52000
"40"	100.00000	4222.11426	454472.48000
"41"	1.00000	0.00000	2474055.63000
"41"	5.00000	5.79223	19714.99000
"41"	6.00000	167.07956	523577.65000
"41"	7.00000	373.03851	493859.05000
"41"	8.00000	507.34552	483123.94000
"41"	9.00000	649.59607	511505.47000
"41"	10.00000	783.18030	481425.21000
"41"	11.00000	906.24408	549949.71000
"41"	12.00000	1032.97791	973240.20000
"41"	14.00000	1147.42078	581304.75000
"41"	15.00000	1259.27429	445821.03000
"41"	16.00000	1309.36292	450996.32000
"41"	17.00000	1415.02698	498520.84000
"41"	18.00000	1543.06152	997592.42000
"41"	20.00000	1599.14331	557886.33000
"41"	21.00000	1662.54651	474787.36000
"41"	22.00000	1745.79993	474330.49000
"41"	23.00000	1817.00781	1246046.43000
"41"	25.00000	1860.70325	469226.58000
"41"	26.00000	1913.07312	399126.61000
"41"	27.00000	1938.04553	372496.34000
"41"	28.00000	1975.99683	521131.66000
"41"	29.00000	2002.56836	499002.28000
"41"	30.00000	2079.72461	20918967.10000
"41"	72.00000	2167.92749	511200.54000
"41"	73.00000	2255.48242	492537.59000
"41"	74.00000	2338.79736	2739752.96000
"41"	79.00000	2393.73779	231775.69000
"41"	80.00000	2485.85791	730751.36000
"41"	81.00000	2596.67773	4490606.28000
"41"	90.00000	2695.33911	438132.21000
"41"	91.00000	2850.08252	1171388.07000
"41"	93.00000	2912.08252	155131.89000
"41"	94.00000	3113.60425	2105859.31000
"41"	98.00000	3356.11206	385000.44000
"41"	99.00000	3641.35767	514471.81000
"41"	100.00000	4348.36279	478634.39000
"42"	1.00000	0.00000	2354503.72000
"42"	5.00000	47.33641	120869.45000
"42"	6.00000	241.56004	496464.81000
"42"	7.00000	425.57117	516374.86000
"42"	8.00000	551.55579	471488.79000
"42"	9.00000	718.85229	608490.77000
"42"	10.00000	826.53674	388224.17000
"42"	11.00000	952.37146	477855.47000
"42"	12.00000	1039.43872	761137.92000
"42"	13.00000	1091.52551	259162.32000
"42"	14.00000	1189.75659	454623.71000
"42"	15.00000	1280.09534	726982.39000
"42"	16.00000	1373.80530	370522.17000
"42"	17.00000	1443.78333	385867.54000
"42"	18.00000	1551.17944	979659.09000
"42"	19.00000	1574.50720	21843.58000
"42"	20.00000	1599.77222	477830.61000
"42"	21.00000	1664.44177	583903.72000
"42"	22.00000	1766.62732	584510.70000
"42"	23.00000	1819.93970	1155777.33000
"42"	25.00000	1840.80994	144925.64000
"42"	26.00000	1895.82202	686937.57000
"42"	27.00000	1938.18579	306263.95000
"42"	28.00000	1975.99158	511030.90000
"42"	29.00000	1998.64954	506111.85000
"42"	30.00000	2079.60425	20963950.79000
"42"	72.00000	2168.40430	472912.05000
"42"	73.00000	2227.48047	249239.88000
"42"	74.00000	2332.37866	2837260.80000
"42"	79.00000	2387.05029	143766.44000
"42"	80.00000	2479.55933	770296.13000
"42"	81.00000	2597.05981	4336000.22000
"42"	90.00000	2700.50879	399792.00000
"42"	91.00000	2849.92944	1128731.86000
"42"	93.00000	2934.93262	243395.70000
"42"	94.00000	3116.95142	2139999.41000
"42"	98.00000	3357.65649	342738.79000
"42"	99.00000	3642.02954	494368.61000
"42"	100.00000	4362.16943	469522.79000
"43"	1.00000	0.00000	2504712.40000
"43"	6.00000	132.41562	446379.52000
"43"	7.00000	365.22208	498167.35000
"43"	8.00000	524.13068	530656.00000
"43"	9.00000	706.00769	600350.50000
"43"	10.00000	813.34821	352502.27000
"43"	11.00000	940.48224	569449.17000
"43"	12.00000	1039.02417	785681.77000
"43"	13.00000	1063.99036	105838.51000
"43"	14.00000	1166.09741	496234.20000
"43"	15.00000	1276.53271	706464.83000
"43"	16.00000	1374.08691	294178.95000
"43"	17.00000	1450.50159	488485.53000
"43"	18.00000	1553.65527	855410.69000
"43"	19.00000	1597.56970	487803.45000
"43"	20.00000	1655.88110	372382.79000
"43"	21.00000	1687.70203	243071.47000
"43"	22.00000	1766.40857	535569.32000
"43"	23.00000	1819.99365	1120731.39000
"43"	25.00000	1861.20276	451512.37000
"43"	26.00000	1913.23547	443039.19000
"43"	27.00000	1960.11694	854824.95000
"43"	28.00000	1979.87964	21325.04000
"43"	29.00000	2011.05786	600376.36000
"43"	30.00000	2079.97632	20664050.64000
"43"	72.00000	2167.28809	467783.02000
"43"	73.00000	2259.25928	526723.78000
"43"	74.00000	2339.26416	2616077.62000
"43"	79.00000	2391.51880	174161.94000
"43"	80.00000	2485.78320	694450.95000
"43"	81.00000	2596.90186	4356115.53000
"43"	90.00000	2696.42041	386897.02000
"43"	91.00000	2851.13135	1290953.68000
"43"	93.00000	2909.14453	147313.91000
"43"	94.00000	3114.18091	2154517.17000
"43"	98.00000	3359.90308	339558.85000
"43"	99.00000	3637.46802	500102.64000
"43"	100.00000	4338.98486	443859.18000
"44"	1.00000	0.00000	2426363.60000
"44"	5.00000	7.07490	19829.30000
"44"	6.00000	173.63440	502755.75000
"44"	7.00000	403.25882	504178.66000
"44"	8.00000	556.33124	457921.22000
"44"	9.00000	709.60388	570653.10000
"44"	10.00000	843.67395	452315.30000
"44"	11.00000	1015.46265	1099078.53000
"44"	13.00000	1120.75916	340243.44000
"44"	14.00000	1225.84692	515527.98000
"44"	15.00000	1293.99573	501968.26000
"44"	16.00000	1401.14050	648052.08000
"44"	17.00000	1495.95740	281421.67000
"44"	18.00000	1559.28674	723886.01000
"44"	19.00000	1597.55481	521598.68000
"44"	20.00000	1656.80225	362045.75000
"44"	21.00000	1706.78967	381916.88000
"44"	22.00000	1809.27490	1525745.59000
"44"	25.00000	1862.12769	405159.20000
"44"	26.00000	1915.52002	580185.44000
"44"	27.00000	1972.46301	659906.55000
"44"	28.00000	1998.07544	444368.19000
"44"	29.00000	2079.50342	20720186.52000
"44"	71.00000	2117.33521	96337.36000
"44"	72.00000	2184.30444	455956.22000
"44"	73.00000	2262.02686	509782.51000
"44"	74.00000	2338.99585	2758031.58000
"44"	79.00000	2392.75146	212933.35000
"44"	80.00000	2487.34106	689041.00000
"44"	81.00000	2596.07446	4238824.55000
"44"	90.00000	2698.46582	435364.82000
"44"	91.00000	2851.79614	1145030.71000
"44"	93.00000	2942.81543	294022.21000
"44"	94.00000	3119.12817	2003283.62000
"44"	98.00000	3351.29297	417749.92000
"44"	99.00000	3637.63428	488372.03000
"44"	100.00000	4275.41846	488343.79000
"45"	1.00000	0.00000	2496318.05000
"45"	6.00000	170.39999	453300.01000
"45"	7.00000	402.04410	567367.27000
"45"	8.00000	559.06830	476390.97000
"45"	9.00000	711.13892	547558.68000
"45"	10.00000	828.47382	415823.07000
"45"	11.00000	954.70288	450101.82000
"45"	12.00000	1039.69531	762251.29000
"45"	13.00000	1095.93872	217113.02000
"45"	14.00000	1202.12585	532560.24000
"45"	15.00000	1288.81824	548511.15000
"45"	16.00000	1378.68689	395307.68000
"45"	17.00000	1471.84473	491183.68000
"45"	18.00000	1559.34399	660711.49000
"45"	19.00000	1597.91235	448321.11000
"45"	20.00000	1655.83862	380691.54000
"45"	21.00000	1722.54773	550199.24000
"45"	22.00000	1815.52478	1256446.53000
"45"	24.00000	1863.46655	377276.12000
"45"	25.00000	1911.59595	357034.60000
"45"	26.00000	1959.88757	938774.78000
"45"	28.00000	1998.74011	493054.82000
"45"	29.00000	2079.45825	21150177.13000
"45"	72.00000	2166.18091	515966.99000
"45"	73.00000	2255.01855	534354.07000
"45"	74.00000	2339.18066	2581129.75000
"45"	79.00000	2409.50122	282321.07000
"45"	80.00000	2494.09277	583569.80000
"45"	81.00000	2596.51050	4430517.15000
"45"	90.00000	2698.62915	436815.50000
"45"	91.00000	2850.32031	1286550.00000
"45"	93.00000	2906.09253	135984.41000
"45"	94.00000	3112.70654	2048426.10000
"45"	98.00000	3355.91089	338804.93000
"45"	99.00000	3639.35669	529587.62000
"45"	100.00000	4289.74219	452545.68000
"46"	1.00000	0.00000	2389859.82000
"46"	5.00000	7.81060	14090.69000
"46"	6.00000	207.29617	550784.21000
"46"	7.00000	426.29065	438625.03000
"46"	8.00000	567.70374	514037.62000
"46"	9.00000	733.09918	433865.96000
"46"	10.00000	837.25690	489373.89000
"46"	11.00000	1013.97174	1136219.17000
"46"	13.00000	1113.01904	279727.33000
"46"	14.00000	1223.33521	499934.21000
"46"	15.00000	1292.82971	460639.48000
"46"	16.00000	1396.31641	590518.89000
"46"	17.00000	1541.77942	1030941.07000
"46"	19.00000	1598.78540	489293.44000
"46"	20.00000	1655.91431	313944.23000
"46"	21.00000	1725.83020	539901.39000
"46"	22.00000	1815.72375	1297489.52000
"46"	24.00000	1838.69812	131657.58000
"46"	25.00000	1893.59106	624741.76000
"46"	26.00000	1936.31421	365659.32000
"46"	27.00000	1975.97241	532120.43000
"46"	28.00000	1998.05811	425570.14000
"46"	29.00000	2079.54614	20627128.95000
"46"	72.00000	2167.68701	481059.95000
"46"	73.00000	2257.36157	561165.83000
"46"	74.00000	2339.22314	2456387.65000
"46"	79.00000	2408.05420	334188.23000
"46"	80.00000	2493.86548	531290.12000
"46"	81.00000	2596.40820	4450031.28000
"46"	90.00000	2697.43701	365789.93000
"46"	91.00000	2849.34473	1153237.77000
"46"	93.00000	2913.79712	171426.12000
"46"	94.00000	3114.96167	2087911.76000
"46"	98.00000	3356.48657	344849.54000
"46"	99.00000	3620.91162	447928.91000
"46"	100.00000	4220.99658	470367.47000
"47"	1.00000	0.00000	2338693.91000
"47"	5.00000	8.27097	7942.41000
"47"	6.00000	200.71954	510804.32000
"47"	7.00000	452.76364	533630.80000
"47"	8.00000	606.43024	363373.49000
"47"	9.00000	751.81879	581149.89000
"47"	10.00000	903.62933	456921.42000
"47"	11.00000	1033.33179	832617.13000
"47"	12.00000	1049.79395	32847.19000
"47"	13.00000	1156.54285	513689.08000
"47"	14.00000	1279.06104	686224.03000
"47"	15.00000	1371.47583	301762.87000
"47"	16.00000	1454.33557	401230.49000
"47"	17.00000	1553.73206	796749.16000
"47"	18.00000	1598.28491	450612.79000
"47"	19.00000	1656.48120	370499.81000
"47"	20.00000	1696.16394	267018.48000
"47"	21.00000	1771.22827	482156.84000
"47"	22.00000	1819.99316	1015865.40000
"47"	24.00000	1862.79126	462959.56000
"47"	25.00000	1913.71704	376870.54000
"47"	26.00000	1961.04248	892713.84000
"47"	28.00000	2002.81177	471554.08000
"47"	29.00000	2079.75146	19879257.29000
"47"	71.00000	2165.84961	430949.58000
"47"	72.00000	2257.70435	517037.38000
"47"	73.00000	2339.28271	2544159.05000
"47"	78.00000	2386.16626	122085.21000
"47"	79.00000	2477.65723	721227.57000
"47"	80.00000	2509.37500	170847.54000
"47"	81.00000	2599.44043	4090055.69000
"47"	89.00000	2697.64990	443831.10000
"47"	90.00000	2852.77588	1123240.93000
"47"	93.00000	3097.48364	2371076.31000
"47"	98.00000	3373.71533	415073.39000
"47"	99.00000	3653.13354	470371.60000
"47"	100.00000	4339.11621	466046.46000
"48"	1.00000	0.00000	2214948.79000
"48"	5.00000	22.80004	68939.77000
"48"	6.00000	221.64430	473077.67000
"48"	7.00000	421.69760	548587.41000
"48"	8.00000	549.05884	358333.70000
"48"	9.00000	707.65735	578316.59000
"48"	10.00000	817.71338	319928.63000
"48"	11.00000	948.99927	454820.05000
"48"	12.00000	1039.80737	748333.37000
"48"	13.00000	1099.09900	173747.99000
"48"	14.00000	1203.84363	482044.31000
"48"	15.00000	1288.76062	476436.45000
"48"	16.00000	1406.05981	510050.41000
"48"	17.00000	1541.80127	964515.97000
"48"	19.00000	1597.39392	429238.10000
"48"	20.00000	1653.87244	305914.71000
"48"	21.00000	1723.55383	569819.38000
"48"	22.00000	1815.78162	1205039.42000
"48"	24.00000	1838.01807	117674.35000
"48"	25.00000	1872.31323	387284.72000
"48"	26.00000	1919.98792	466062.36000
"48"	27.00000	1971.79846	627353.92000
"48"	28.00000	1998.70544	413552.65000
"48"	29.00000	2079.60229	19304523.77000
"48"	71.00000	2133.21558	156144.42000
"48"	72.00000	2203.48364	589722.42000
"48"	73.00000	2277.93896	304229.25000
"48"	74.00000	2339.38428	2276566.46000
"48"	79.00000	2455.09497	906937.98000
"48"	81.00000	2596.24463	4064301.49000
"48"	89.00000	2642.71582	39588.54000
"48"	90.00000	2724.76904	483512.16000
"48"	91.00000	2859.77905	954465.74000
"48"	93.00000	3100.80005	2242005.05000
"48"	98.00000	3359.36133	420977.03000
"48"	99.00000	3641.36304	478874.97000
"48"	100.00000	4328.51221	416408.32000
"49"	1.00000	0.00000	2300904.51000
"49"	6.00000	194.79358	463200.09000
"49"	7.00000	421.48935	491774.06000
"49"	8.00000	556.37848	397667.07000
"49"	9.00000	714.76196	445442.30000
"49"	10.00000	855.05975	449017.08000
"49"	11.00000	1022.26532	936075.05000
"49"	13.00000	1149.33252	523834.21000
"49"	14.00000	1262.08313	333500.28000
"49"	15.00000	1335.88513	582657.08000
"49"	16.00000	1436.09827	314947.22000
"49"	17.00000	1547.49963	903410.41000
"49"	18.00000	1564.00000	1661.32000
"49"	19.00000	1599.53735	475718.47000
"49"	20.00000	1668.03479	434659.99000
"49"	21.00000	1762.28503	537354.66000
"49"	22.00000	1819.97620	1051273.30000
"49"	24.00000	1861.89648	386812.07000
"49"	25.00000	1910.57214	347611.47000
"49"	26.00000	1961.07581	854653.39000
"49"	28.00000	2002.23120	471503.96000
"49"	29.00000	2079.78809	19373271.59000
"49"	71.00000	2104.44702	44378.34000
"49"	72.00000	2177.21631	479198.31000
"49"	73.00000	2262.06543	527479.69000
"49"	74.00000	2339.23755	2339812.55000
"49"	79.00000	2406.06177	270381.03000
"49"	80.00000	2493.84033	565112.18000
"49"	81.00000	2595.99902	4006524.09000
"49"	90.00000	2706.81689	404932.42000
"49"	91.00000	2855.51270	1060888.79000
"49"	93.00000	3099.42358	2205000.83000
"49"	98.00000	3352.96851	352408.76000
"49"	99.00000	3634.16846	487656.76000
"49"	100.00000	4307.31689	416885.49000
"50"	1.00000	0.00000	2376977.45000
"50"	6.00000	117.70560	313742.33000
"50"	7.00000	346.56952	475584.25000
"50"	8.00000	495.30722	416659.89000
"50"	9.00000	653.87000	477270.84000
"50"	10.00000	791.56140	425427.97000
"50"	11.00000	933.48743	491263.09000
"50"	12.00000	1039.12708	701493.25000
"50"	13.00000	1096.18066	223314.78000
"50"	14.00000	1210.44531	464788.43000
"50"	15.00000	1289.82715	449548.65000
"50"	16.00000	1376.95618	351757.54000
"50"	17.00000	1474.90674	459551.79000
"50"	18.00000	1559.23486	695670.25000
"50"	19.00000	1598.16663	426243.66000
"50"	20.00000	1653.52747	328448.15000
"50"	21.00000	1726.20239	473314.90000
"50"	22.00000	1815.63452	1280854.46000
"50"	25.00000	1861.94482	417321.24000
"50"	26.00000	1916.90405	525562.18000
"50"	27.00000	1971.79272	668747.27000
"50"	28.00000	1999.19568	380362.76000
"50"	29.00000	2033.56860	201374.03000
"50"	30.00000	2079.97681	18835477.92000
"50"	72.00000	2163.32861	411897.27000
"50"	73.00000	2257.27075	505159.42000
"50"	74.00000	2339.32593	2301449.52000
"50"	79.00000	2405.08862	306745.16000
"50"	80.00000	2493.54443	538589.96000
"50"	81.00000	2596.21094	4007422.87000
"50"	90.00000	2694.83789	387857.88000
"50"	91.00000	2847.14258	1029233.91000
"50"	93.00000	3100.37280	2115763.05000
"50"	98.00000	3503.14160	824923.91000
"50"	99.00000	3841.33081	113375.59000
"50"	100.00000	4412.22803	382991.89000
"51"	1.00000	0.00000	2273232.50000
"51"	6.00000	116.68907	269404.65000
"51"	7.00000	329.31467	472418.17000
"51"	8.00000	482.98941	424386.86000
"51"	9.00000	611.72101	371063.81000
"51"	10.00000	766.02814	507161.53000
"51"	11.00000	899.29773	417971.56000
"51"	12.00000	1032.30054	816878.98000
"51"	14.00000	1146.15405	513342.87000
"51"	15.00000	1258.66736	347893.68000
"51"	16.00000	1307.41235	380412.68000
"51"	17.00000	1413.28552	478094.04000
"51"	18.00000	1538.31897	899973.47000
"51"	20.00000	1597.67834	364094.19000
"51"	21.00000	1664.24426	502756.63000
"51"	22.00000	1741.84607	315139.49000
"51"	23.00000	1815.64795	1152728.08000
"51"	25.00000	1837.98364	104444.48000
"51"	26.00000	1895.25562	600645.26000
"51"	27.00000	1935.88953	279953.30000
"51"	28.00000	1975.98340	540198.98000
"51"	29.00000	1998.76636	393748.70000
"51"	30.00000	2079.55396	17931583.00000
"51"	72.00000	2133.03687	136140.32000
"51"	73.00000	2201.47070	481369.18000
"51"	74.00000	2331.89282	2365715.14000
"51"	79.00000	2385.56348	105970.56000
"51"	80.00000	2473.46851	699633.54000
"51"	81.00000	2512.57983	149381.05000
"51"	82.00000	2599.38696	3583308.24000
"51"	90.00000	2693.82104	354888.59000
"51"	91.00000	2850.35815	1011324.64000
"51"	93.00000	2918.20142	134669.89000
"51"	94.00000	3113.67065	1835510.81000
"51"	98.00000	3370.37646	266200.69000
"51"	99.00000	3675.55322	462802.89000
"51"	100.00000	4498.42383	380931.63000
"52"	1.00000	0.00000	2546773.62000
"52"	7.00000	144.15529	290868.68000
"52"	8.00000	352.00568	412566.72000
"52"	9.00000	521.01569	464879.80000
"52"	10.00000	661.43738	349023.12000
"52"	11.00000	787.33344	409299.56000
"52"	12.00000	933.33185	440622.29000
"52"	13.00000	1039.27710	645510.99000
"52"	14.00000	1094.16370	166287.06000
"52"	15.00000	1206.26355	481176.82000
"52"	16.00000	1288.67859	402140.07000
"52"	17.00000	1376.36389	283568.71000
"52"	18.00000	1467.93689	404377.97000
"52"	19.00000	1557.90356	601543.74000
"52"	20.00000	1597.88330	368513.53000
"52"	21.00000	1654.53467	333845.26000
"52"	22.00000	1727.98535	394709.09000
"52"	23.00000	1816.13245	1103625.73000
"52"	25.00000	1838.89026	90417.47000
"52"	26.00000	1874.03699	367407.91000
"52"	27.00000	1921.54590	412217.51000
"52"	28.00000	1971.49829	622878.21000
"52"	29.00000	1999.04639	315561.96000
"52"	30.00000	2079.48340	17223817.47000
"52"	72.00000	2104.22266	56895.24000
"52"	73.00000	2178.98657	403174.27000
"52"	74.00000	2260.56494	426249.82000
"52"	75.00000	2339.46924	2027008.03000
"52"	80.00000	2465.37695	711070.78000
"52"	81.00000	2500.00000	83501.24000
"52"	82.00000	2598.46533	3297662.14000
"52"	90.00000	2699.35913	350907.31000
"52"	91.00000	2853.77417	925084.16000
"52"	93.00000	3098.97803	1959864.13000
"52"	98.00000	3523.74536	674055.31000
"52"	99.00000	3814.61011	117809.68000
"52"	100.00000	4461.64160	370497.59000
"53"	1.00000	0.00000	2495228.97000
"53"	7.00000	103.33467	239955.03000
"53"	8.00000	328.17474	392234.13000
"53"	9.00000	490.07358	393776.80000
"53"	10.00000	640.28284	387655.20000
"53"	11.00000	784.52966	385233.19000
"53"	12.00000	907.87720	390701.73000
"53"	13.00000	1032.87061	771000.20000
"53"	14.00000	1049.09424	26464.79000
"53"	15.00000	1150.81409	433970.74000
"53"	16.00000	1275.64917	557006.98000
"53"	17.00000	1346.32703	165827.97000
"53"	18.00000	1425.62976	395014.26000
"53"	19.00000	1544.40295	801203.73000
"53"	21.00000	1598.39246	386813.54000
"53"	22.00000	1661.98572	445315.34000
"53"	23.00000	1741.18884	336162.89000
"53"	24.00000	1815.73389	1121689.22000
"53"	26.00000	1838.87646	131875.18000
"53"	27.00000	1872.33862	285349.77000
"53"	28.00000	1919.75769	403406.66000
"53"	29.00000	1972.39331	519989.54000
"53"	30.00000	1998.43713	333720.88000
"53"	31.00000	2079.64795	16628001.53000
"53"	73.00000	2118.12354	72431.56000
"53"	74.00000	2195.88843	424270.72000
"53"	75.00000	2332.43091	2163601.42000
"53"	80.00000	2392.30566	172548.52000
"53"	81.00000	2489.15771	569221.86000
"53"	82.00000	2596.00317	3308049.29000
"53"	91.00000	2814.20923	1120931.97000
"53"	93.00000	2907.04321	90982.02000
"53"	94.00000	3111.30078	1679232.57000
"53"	98.00000	3362.51636	233228.34000
"53"	99.00000	3637.57397	406814.39000
"53"	100.00000	4332.36523	366631.87000
"54"	1.00000	0.00000	2535200.87000
"54"	7.00000	47.14417	87665.13000
"54"	8.00000	264.77802	396508.86000
"54"	9.00000	463.70978	483487.10000
"54"	10.00000	603.51825	312717.54000
"54"	11.00000	734.47699	388776.40000
"54"	12.00000	826.11035	320028.20000
"54"	13.00000	956.47839	383089.33000
"54"	14.00000	1038.66150	638567.51000
"54"	15.00000	1077.91089	87681.14000
"54"	16.00000	1169.37305	385704.74000
"54"	17.00000	1275.89966	593508.82000
"54"	18.00000	1350.58887	132861.30000
"54"	19.00000	1435.16357	375382.38000
"54"	20.00000	1549.94800	721765.48000
"54"	21.00000	1598.81860	348475.65000
"54"	22.00000	1625.78015	51593.09000
"54"	23.00000	1669.14441	372655.69000
"54"	24.00000	1762.88904	440744.38000
"54"	25.00000	1819.98547	844970.91000
"54"	27.00000	1861.02136	361442.74000
"54"	28.00000	1912.61646	302967.21000
"54"	29.00000	1961.50793	720397.16000
"54"	31.00000	1998.88831	362916.24000
"54"	32.00000	2079.66821	15720775.22000
"54"	74.00000	2167.83447	379225.38000
"54"	75.00000	2261.47217	348972.63000
"54"	76.00000	2339.27637	1764240.43000
"54"	80.00000	2388.14111	106219.17000
"54"	81.00000	2474.55347	562474.85000
"54"	82.00000	2596.28857	3090946.24000
"54"	90.00000	2698.52661	275384.03000
"54"	91.00000	2850.18213	899120.29000
"54"	93.00000	2905.45361	103887.26000
"54"	94.00000	3113.77100	1577035.31000
"54"	98.00000	3354.92017	251269.83000
"54"	99.00000	3619.38770	352271.36000
"54"	100.00000	4299.27539	372534.70000
"55"	1.00000	0.00000	2503532.06000
"55"	7.00000	22.62838	44767.87000
"55"	8.00000	195.55797	375481.13000
"55"	9.00000	381.89972	352794.10000
"55"	10.00000	509.94611	362937.96000
"55"	11.00000	650.80060	404874.76000
"55"	12.00000	779.34363	327379.13000
"55"	13.00000	894.80402	417158.78000
"55"	14.00000	1032.13672	744421.25000
"55"	16.00000	1110.11157	290118.25000
"55"	17.00000	1218.76514	403886.78000
"55"	18.00000	1290.17822	436498.90000
"55"	19.00000	1375.41821	257241.71000
"55"	20.00000	1457.73450	369406.68000
"55"	21.00000	1554.18787	727125.48000
"55"	23.00000	1598.57812	359408.24000
"55"	24.00000	1662.93726	362200.68000
"55"	25.00000	1762.26123	462132.31000
"55"	26.00000	1819.99133	948391.79000
"55"	28.00000	1839.72534	85397.58000
"55"	29.00000	1895.46753	486816.39000
"55"	30.00000	1924.00000	208597.52000
"55"	31.00000	1971.55237	492254.18000
"55"	32.00000	1999.04065	306753.59000
"55"	33.00000	2079.46069	15200388.51000
"55"	74.00000	2099.42822	29675.22000
"55"	75.00000	2176.01123	336782.38000
"55"	76.00000	2327.33032	2013208.31000
"55"	81.00000	2389.04297	176774.18000
"55"	82.00000	2488.33960	470707.46000
"55"	83.00000	2595.64795	2879604.97000
"55"	91.00000	2698.14062	282114.20000
"55"	92.00000	2852.73804	849248.40000
"55"	94.00000	3097.46069	1618741.40000
"55"	98.00000	3352.84570	194018.29000
"55"	99.00000	3611.79736	289630.08000
"55"	100.00000	4245.20215	323438.62000
"56"	1.00000	0.00000	2637463.54000
"56"	8.00000	57.47627	128125.44000
"56"	9.00000	252.42459	338255.70000
"56"	10.00000	429.33670	427910.56000
"56"	11.00000	522.39868	267957.01000
"56"	12.00000	649.74298	380925.19000
"56"	13.00000	781.13452	379480.77000
"56"	14.00000	863.40491	287557.98000
"56"	15.00000	1018.20209	889593.64000
"56"	17.00000	1092.63501	180733.17000
"56"	18.00000	1186.89160	292136.67000
"56"	19.00000	1261.12598	346282.26000
"56"	20.00000	1309.98340	345041.65000
"56"	21.00000	1409.14246	373486.96000
"56"	22.00000	1540.45374	732486.26000
"56"	24.00000	1597.86035	277330.28000
"56"	25.00000	1663.97974	376688.36000
"56"	26.00000	1745.38916	306939.75000
"56"	27.00000	1817.90039	1008459.33000
"56"	29.00000	1839.26990	84868.56000
"56"	30.00000	1873.78857	297827.39000
"56"	31.00000	1921.76660	371195.07000
"56"	32.00000	1972.92456	542281.06000
"56"	33.00000	1998.85693	283904.94000
"56"	34.00000	2038.82825	185180.89000
"56"	35.00000	2080.00000	13837211.07000
"56"	75.00000	2167.70630	331768.55000
"56"	76.00000	2255.06006	321123.97000
"56"	77.00000	2339.10156	1525829.80000
"56"	81.00000	2405.96899	198213.58000
"56"	82.00000	2492.83203	443685.58000
"56"	83.00000	2596.21973	2786808.73000
"56"	91.00000	2698.22534	278296.42000
"56"	92.00000	2851.78906	724394.63000
"56"	94.00000	3101.14307	1457800.52000
"56"	98.00000	3347.19946	217752.24000
"56"	99.00000	3613.82056	299312.20000
"56"	100.00000	4295.56738	322352.77000
"57"	1.00000	0.00000	2959095.04000
"57"	10.00000	125.45277	309638.81000
"57"	11.00000	314.36282	327171.40000
"57"	12.00000	436.67111	312556.48000
"57"	13.00000	560.73804	368264.63000
"57"	14.00000	681.71710	294334.83000
"57"	15.00000	782.55005	337686.50000
"57"	16.00000	904.74432	401592.47000
"57"	17.00000	1032.19348	679638.02000
"57"	19.00000	1106.68054	232204.69000
"57"	20.00000	1212.43872	367212.00000
"57"	21.00000	1288.85596	370892.50000
"57"	22.00000	1373.40906	231576.44000
"57"	23.00000	1454.07971	327016.01000
"57"	24.00000	1554.73364	626546.34000
"57"	26.00000	1598.31348	325700.93000
"57"	27.00000	1665.05225	384809.88000
"57"	28.00000	1743.96521	274073.93000
"57"	29.00000	1816.83862	948274.69000
"57"	31.00000	1838.60901	106323.15000
"57"	32.00000	1872.49158	241248.62000
"57"	33.00000	1920.50061	352279.83000
"57"	34.00000	1971.71558	457822.92000
"57"	35.00000	1998.79126	270245.70000
"57"	36.00000	2079.55591	13022949.24000
"57"	76.00000	2168.10303	265838.90000
"57"	77.00000	2255.96826	290315.63000
"57"	78.00000	2339.90430	1380349.40000
"57"	82.00000	2467.25317	501773.15000
"57"	83.00000	2515.40039	69058.38000
"57"	84.00000	2599.61670	2423367.31000
"57"	91.00000	2695.03589	233272.53000
"57"	92.00000	2849.20508	672477.75000
"57"	94.00000	3099.07983	1361148.00000
"57"	98.00000	3353.78296	202794.30000
"57"	99.00000	3637.88745	323737.90000
"57"	100.00000	4333.09424	316843.50000
"58"	1.00000	0.00000	2823991.29000
"58"	10.00000	102.47129	244740.14000
"58"	11.00000	292.44656	301186.43000
"58"	12.00000	425.85342	407939.49000
"58"	13.00000	525.81604	218158.45000
"58"	14.00000	615.31415	304677.97000
"58"	15.00000	727.43982	337326.00000
"58"	16.00000	832.42932	304497.01000
"58"	17.00000	953.70715	306870.96000
"58"	18.00000	1039.42175	638204.64000
"58"	20.00000	1108.91357	243442.72000
"58"	21.00000	1217.68518	358171.88000
"58"	22.00000	1289.51221	337778.09000
"58"	23.00000	1376.78430	219863.41000
"58"	24.00000	1454.50403	307581.81000
"58"	25.00000	1554.54041	580523.32000
"58"	26.00000	1598.46936	240316.80000
"58"	27.00000	1656.50928	248374.45000
"58"	28.00000	1696.12964	173457.81000
"58"	29.00000	1807.65454	1019797.32000
"58"	32.00000	1861.30530	314902.58000
"58"	33.00000	1912.90527	240518.79000
"58"	34.00000	1961.54382	630321.07000
"58"	36.00000	1999.49817	274243.33000
"58"	37.00000	2079.60718	12195199.14000
"58"	77.00000	2181.17432	347848.49000
"58"	78.00000	2331.33398	1335251.10000
"58"	82.00000	2408.54175	165383.18000
"58"	83.00000	2493.43872	320781.44000
"58"	84.00000	2596.14575	2281982.25000
"58"	91.00000	2700.29761	225178.43000
"58"	92.00000	2850.53394	709293.38000
"58"	94.00000	2954.83521	143769.92000
"58"	95.00000	3119.90576	1076576.92000
"58"	98.00000	3355.59546	161455.00000
"58"	99.00000	3622.24536	295709.94000
"58"	100.00000	4327.41895	283447.31000
"59"	1.00000	0.00000	2824577.70000
"59"	11.00000	139.68433	286529.78000
"59"	12.00000	318.59396	268760.92000
"59"	13.00000	436.30869	350618.02000
"59"	14.00000	530.61060	202239.50000
"59"	15.00000	628.74670	282950.88000
"59"	16.00000	768.14160	407649.40000
"59"	17.00000	852.61609	211459.64000
"59"	18.00000	933.30682	240974.13000
"59"	19.00000	1032.88477	689462.64000
"59"	21.00000	1097.97546	146463.56000
"59"	22.00000	1209.61792	352344.50000
"59"	23.00000	1288.76819	377059.70000
"59"	24.00000	1348.45081	102356.16000
"59"	25.00000	1419.19519	301964.21000
"59"	26.00000	1542.85815	655120.31000
"59"	28.00000	1596.57471	248295.73000
"59"	29.00000	1662.58728	268499.42000
"59"	30.00000	1741.29053	207339.85000
"59"	31.00000	1816.11768	822700.03000
"59"	33.00000	1838.69592	65769.83000
"59"	34.00000	1871.02563	233577.09000
"59"	35.00000	1920.66382	328192.16000
"59"	36.00000	1971.46570	438637.88000
"59"	37.00000	1998.56042	258792.26000
"59"	38.00000	2034.59216	107541.15000
"59"	39.00000	2079.98950	10937923.71000
"59"	78.00000	2189.56104	335067.31000
"59"	79.00000	2332.68945	1097868.75000
"59"	83.00000	2461.57886	423868.23000
"59"	84.00000	2596.91797	2060787.99000
"59"	91.00000	2646.07788	16578.53000
"59"	92.00000	2813.96265	762465.53000
"59"	94.00000	2919.38647	76973.89000
"59"	95.00000	3114.90088	1041997.79000
"59"	98.00000	3359.72754	147668.50000
"59"	99.00000	3629.08862	220955.62000
"59"	100.00000	4318.60107	269165.78000
"60"	1.00000	0.00000	2848660.01000
"60"	11.00000	39.29307	122047.82000
"60"	12.00000	192.68605	258641.21000
"60"	13.00000	344.99911	321661.25000
"60"	14.00000	456.49783	257945.87000
"60"	15.00000	522.32001	241610.07000
"60"	16.00000	617.56488	255692.87000
"60"	17.00000	739.70435	352272.09000
"60"	18.00000	811.13605	225181.52000
"60"	19.00000	888.72974	236103.11000
"60"	20.00000	1021.58575	845191.59000
"60"	23.00000	1097.68091	223808.89000
"60"	24.00000	1186.50171	274051.16000
"60"	25.00000	1254.72205	330260.34000
"60"	26.00000	1299.73376	243683.09000
"60"	27.00000	1377.46521	226991.89000
"60"	28.00000	1465.17651	292952.68000
"60"	29.00000	1558.38062	471984.90000
"60"	30.00000	1598.09448	245489.05000
"60"	31.00000	1655.76660	239050.38000
"60"	32.00000	1687.46106	110832.36000
"60"	33.00000	1758.53418	298737.29000
"60"	34.00000	1819.88000	688645.12000
"60"	36.00000	1838.10229	83559.66000
"60"	37.00000	1894.28015	382731.94000
"60"	38.00000	1934.51917	152341.02000
"60"	39.00000	1976.00000	307023.90000
"60"	40.00000	2002.27905	244080.82000
"60"	41.00000	2079.69116	10034986.26000
"60"	78.00000	2165.49658	253761.96000
"60"	79.00000	2256.61646	265401.41000
"60"	80.00000	2339.04810	1006243.41000
"60"	84.00000	2463.07031	390958.39000
"60"	85.00000	2595.27783	1843753.22000
"60"	92.00000	2702.37158	183672.81000
"60"	93.00000	2853.71240	557476.74000
"60"	95.00000	3105.58105	1013761.74000
"60"	98.00000	3232.88867	33425.53000
"60"	99.00000	3548.29614	316817.56000
"60"	100.00000	4292.25732	219155.08000
"61"	1.00000	0.00000	2902107.60000
"61"	12.00000	23.86727	75397.32000
"61"	13.00000	173.77670	274146.55000
"61"	14.00000	305.36761	213680.69000
"61"	15.00000	398.22906	262725.34000
"61"	16.00000	501.56195	280222.90000
"61"	17.00000	586.83417	242310.34000
"61"	18.00000	678.03455	258832.95000
"61"	19.00000	765.56250	204934.58000
"61"	20.00000	815.79114	249535.76000
"61"	21.00000	921.92072	327059.01000
"61"	22.00000	1031.03308	709367.35000
"61"	25.00000	1106.44519	197327.66000
"61"	26.00000	1216.94348	351513.50000
"61"	27.00000	1277.09399	133910.03000
"61"	28.00000	1312.38477	265066.91000
"61"	29.00000	1420.11011	266996.40000
"61"	30.00000	1541.07825	631440.57000
"61"	32.00000	1598.56250	254960.90000
"61"	33.00000	1657.03784	223713.50000
"61"	34.00000	1681.13123	94145.35000
"61"	35.00000	1761.88867	268696.03000
"61"	36.00000	1819.97864	642731.52000
"61"	38.00000	1837.93188	78450.33000
"61"	39.00000	1895.72668	315249.19000
"61"	40.00000	1935.19751	176361.52000
"61"	41.00000	1975.96948	355790.41000
"61"	42.00000	1999.62366	189352.94000
"61"	43.00000	2079.60767	9215555.14000
"61"	80.00000	2166.82031	160791.92000
"61"	81.00000	2257.38818	232809.57000
"61"	82.00000	2339.85596	913816.92000
"61"	85.00000	2388.77905	70707.12000
"61"	86.00000	2476.27612	299632.97000
"61"	87.00000	2595.52515	1476680.20000
"61"	93.00000	2721.69507	205213.73000
"61"	94.00000	2860.00000	393166.38000
"61"	95.00000	3106.73975	835356.61000
"61"	98.00000	3207.19800	14974.06000
"61"	99.00000	3505.42212	260649.60000
"61"	100.00000	4283.63867	226489.87000
"62"	1.00000	0.00000	3084554.96000
"62"	14.00000	33.21964	87369.25000
"62"	15.00000	187.66917	278622.17000
"62"	16.00000	306.45877	241662.13000
"62"	17.00000	374.27615	227883.15000
"62"	18.00000	457.17358	269964.68000
"62"	19.00000	514.54633	226270.93000
"62"	20.00000	556.42719	111555.40000
"62"	21.00000	627.35443	247948.07000
"62"	22.00000	710.47583	221554.20000
"62"	23.00000	787.63007	308320.70000
"62"	24.00000	829.87390	143209.84000
"62"	25.00000	921.05249	316299.08000
"62"	26.00000	994.65771	129407.84000
"62"	27.00000	1038.78723	763009.50000
"62"	30.00000	1094.53455	192814.18000
"62"	31.00000	1184.25415	247268.27000
"62"	32.00000	1243.99133	161241.06000
"62"	33.00000	1289.05701	404025.29000
"62"	34.00000	1326.97241	32628.83000
"62"	35.00000	1405.02148	294365.80000
"62"	36.00000	1490.66833	194355.15000
"62"	37.00000	1559.06201	554145.08000
"62"	39.00000	1598.32190	195519.55000
"62"	40.00000	1658.72986	182867.71000
"62"	41.00000	1706.64307	185813.54000
"62"	42.00000	1811.65442	698153.44000
"62"	45.00000	1864.25708	213694.28000
"62"	46.00000	1920.09229	210814.81000
"62"	47.00000	1973.01904	293360.08000
"62"	48.00000	1999.18372	160417.55000
"62"	49.00000	2079.53735	7585164.87000
"62"	82.00000	2167.32178	156269.40000
"62"	83.00000	2251.78735	172831.54000
"62"	84.00000	2338.64893	736519.80000
"62"	87.00000	2467.65332	247780.39000
"62"	88.00000	2597.46631	1275504.20000
"62"	94.00000	2800.10864	452041.88000
"62"	96.00000	3095.97437	709903.68000
"62"	99.00000	3518.21460	270726.39000
"62"	100.00000	4360.37500	144147.03000
"63"	1.00000	0.00000	3202182.16000
"63"	17.00000	36.53273	101296.46000
"63"	18.00000	148.08839	187272.89000
"63"	19.00000	274.81485	198643.22000
"63"	20.00000	336.35922	196491.62000
"63"	21.00000	402.84995	202691.76000
"63"	22.00000	474.05222	186286.62000
"63"	23.00000	515.49176	230034.94000
"63"	24.00000	574.61072	159316.84000
"63"	25.00000	631.88055	194221.93000
"63"	26.00000	700.85199	183553.72000
"63"	27.00000	773.82776	232113.61000
"63"	28.00000	800.97034	157918.18000
"63"	29.00000	850.71381	210439.29000
"63"	30.00000	929.01813	242372.78000
"63"	31.00000	1033.64880	786646.31000
"63"	35.00000	1097.05505	160698.84000
"63"	36.00000	1176.69067	197365.29000
"63"	37.00000	1243.46838	162478.42000
"63"	38.00000	1292.77856	353995.53000
"63"	39.00000	1319.02649	25105.67000
"63"	40.00000	1407.21973	269626.09000
"63"	41.00000	1489.39661	122008.56000
"63"	42.00000	1558.47668	401634.13000
"63"	44.00000	1602.09302	170249.74000
"63"	45.00000	1666.53955	207195.98000
"63"	46.00000	1733.38696	180579.12000
"63"	47.00000	1817.14172	554135.11000
"63"	49.00000	1837.80896	43722.38000
"63"	50.00000	1890.55212	247001.21000
"63"	51.00000	1959.70166	297116.90000
"63"	52.00000	1999.06799	67683.41000
"63"	53.00000	2079.69727	5904074.58000
"63"	83.00000	2164.53906	118003.64000
"63"	84.00000	2252.58716	183293.09000
"63"	85.00000	2338.92090	576525.68000
"63"	88.00000	2455.28247	207505.06000
"63"	89.00000	2595.33984	1010559.33000
"63"	94.00000	2698.42578	97857.57000
"63"	95.00000	2851.93799	240596.85000
"63"	96.00000	3104.19556	603999.76000
"63"	99.00000	3499.00342	202657.79000
"63"	100.00000	4351.14160	114250.08000
"64"	1.00000	0.00000	3139017.46000
"64"	19.00000	64.64684	167794.54000
"64"	20.00000	214.36757	214373.11000
"64"	21.00000	306.52545	173503.56000
"64"	22.00000	365.29361	143380.07000
"64"	23.00000	413.71683	175000.97000
"64"	24.00000	473.08963	166189.82000
"64"	25.00000	517.61188	203928.75000
"64"	26.00000	574.89862	191942.55000
"64"	27.00000	627.72766	128617.87000
"64"	28.00000	695.25665	187930.06000
"64"	29.00000	774.83514	237633.27000
"64"	30.00000	799.66559	121805.22000
"64"	31.00000	834.98022	145188.76000
"64"	32.00000	905.99084	194834.65000
"64"	33.00000	978.89893	185450.75000
"64"	34.00000	1039.20154	670284.15000
"64"	38.00000	1091.10254	178730.57000
"64"	39.00000	1181.06140	197379.52000
"64"	40.00000	1245.45276	141078.66000
"64"	41.00000	1290.64575	314678.84000
"64"	42.00000	1333.12805	42871.73000
"64"	43.00000	1401.19495	178184.67000
"64"	44.00000	1494.10986	161415.05000
"64"	45.00000	1559.92480	370541.07000
"64"	47.00000	1597.48193	149449.11000
"64"	48.00000	1658.53918	187084.66000
"64"	49.00000	1715.00012	178314.24000
"64"	50.00000	1817.44287	489575.75000
"64"	52.00000	1839.36108	30253.64000
"64"	53.00000	1892.78406	198550.23000
"64"	54.00000	1960.58960	241086.36000
"64"	55.00000	1999.08301	80456.72000
"64"	56.00000	2079.33423	5021276.98000
"64"	84.00000	2098.79565	20714.74000
"64"	85.00000	2218.33716	177669.71000
"64"	86.00000	2339.04614	479886.50000
"64"	88.00000	2389.31689	35356.31000
"64"	89.00000	2475.84106	179978.75000
"64"	90.00000	2599.01392	790528.94000
"64"	94.00000	2697.71606	98689.77000
"64"	95.00000	2849.16235	255171.68000
"64"	96.00000	2969.04077	61664.27000
"64"	97.00000	3120.00000	456306.81000
"64"	99.00000	3384.72510	66501.29000
"64"	100.00000	4023.86353	172176.85000
"65"	1.00000	0.00000	3033485.85000
"65"	20.00000	31.13593	96511.28000
"65"	21.00000	152.06694	158618.94000
"65"	22.00000	259.18008	161481.46000
"65"	23.00000	308.96597	208208.89000
"65"	24.00000	353.95383	98575.33000
"65"	25.00000	402.05295	213191.29000
"65"	26.00000	463.93744	187536.91000
"65"	27.00000	516.36212	226553.37000
"65"	29.00000	571.81995	191073.75000
"65"	30.00000	630.24475	181573.89000
"65"	31.00000	675.48621	100444.93000
"65"	32.00000	731.71045	152847.31000
"65"	33.00000	779.95996	150370.39000
"65"	34.00000	815.29791	254064.67000
"65"	35.00000	863.16858	85538.05000
"65"	36.00000	915.65363	147121.10000
"65"	37.00000	963.46912	139551.63000
"65"	38.00000	1036.00830	727806.68000
"65"	42.00000	1066.12317	58239.26000
"65"	43.00000	1123.06848	155015.04000
"65"	44.00000	1196.82581	151936.30000
"65"	45.00000	1247.21692	169461.54000
"65"	46.00000	1295.59314	336822.22000
"65"	48.00000	1367.58435	156358.89000
"65"	49.00000	1434.24194	117628.76000
"65"	50.00000	1541.53625	456840.87000
"65"	52.00000	1576.29578	10983.83000
"65"	53.00000	1634.43286	237392.48000
"65"	54.00000	1700.36658	78600.82000
"65"	55.00000	1808.93225	580983.94000
"65"	58.00000	1863.32275	96642.97000
"65"	59.00000	1916.88196	137181.68000
"65"	60.00000	1972.65710	209838.87000
"65"	61.00000	1997.67322	93770.72000
"65"	62.00000	2079.52661	3890200.05000
"65"	87.00000	2207.55225	164747.07000
"65"	88.00000	2339.11841	396691.08000
"65"	90.00000	2460.63843	102411.25000
"65"	91.00000	2594.42212	587163.73000
"65"	95.00000	2804.16919	303550.39000
"65"	97.00000	3093.90039	387408.12000
"65"	99.00000	3498.06177	133826.44000
"65"	100.00000	4375.63086	101868.51000
"66"	1.00000	0.00000	2772853.58000
"66"	22.00000	14.34945	54313.22000
"66"	23.00000	77.65889	131015.13000
"66"	24.00000	206.62053	130820.20000
"66"	25.00000	276.27856	148668.44000
"66"	26.00000	317.15787	110331.38000
"66"	27.00000	367.62485	124651.66000
"66"	28.00000	407.39999	127072.94000
"66"	29.00000	462.68381	205140.99000
"66"	30.00000	501.60626	48904.14000
"66"	31.00000	520.00000	171110.75000
"66"	32.00000	559.20422	87950.29000
"66"	33.00000	610.10016	188371.22000
"66"	34.00000	637.62891	83710.18000
"66"	35.00000	694.42096	138017.99000
"66"	36.00000	770.57672	216428.28000
"66"	37.00000	798.78790	144834.02000
"66"	39.00000	831.05505	138690.56000
"66"	40.00000	901.82721	141890.74000
"66"	41.00000	963.25043	102659.56000
"66"	42.00000	1033.17126	616109.66000
"66"	46.00000	1069.21765	38715.26000
"66"	47.00000	1122.49231	117772.60000
"66"	48.00000	1196.39172	135109.71000
"66"	49.00000	1245.09216	148222.17000
"66"	50.00000	1292.16589	270673.72000
"66"	52.00000	1374.90601	109707.91000
"66"	53.00000	1438.52576	137043.26000
"66"	54.00000	1552.52051	413801.87000
"66"	57.00000	1596.82556	90062.27000
"66"	58.00000	1657.38623	155818.69000
"66"	59.00000	1712.61145	91221.44000
"66"	60.00000	1816.04041	386606.03000
"66"	63.00000	1888.28552	133101.36000
"66"	64.00000	1958.31555	186958.75000
"66"	65.00000	1999.53149	56802.70000
"66"	66.00000	2079.32300	2867687.76000
"66"	88.00000	2181.28174	101446.15000
"66"	89.00000	2332.17505	336875.78000
"66"	91.00000	2391.51147	33479.32000
"66"	92.00000	2583.64526	538634.84000
"66"	96.00000	2782.60791	161008.29000
"66"	97.00000	3105.49390	278654.36000
"66"	99.00000	3340.32300	48870.36000
"66"	100.00000	3961.67847	123997.51000
"67"	1.00000	0.00000	2374361.79000
"67"	22.00000	7.95225	19693.00000
"67"	23.00000	66.04626	110419.85000
"67"	24.00000	186.30618	106867.08000
"67"	25.00000	275.96112	142816.07000
"67"	26.00000	315.94370	104021.79000
"67"	27.00000	355.30725	90111.55000
"67"	28.00000	393.32156	103083.83000
"67"	29.00000	425.01355	104364.70000
"67"	30.00000	483.06247	137478.71000
"67"	31.00000	518.85559	139835.34000
"67"	32.00000	549.44049	49349.24000
"67"	33.00000	606.65900	164685.20000
"67"	34.00000	637.94403	61992.98000
"67"	35.00000	678.87860	99632.81000
"67"	36.00000	729.98071	110679.96000
"67"	37.00000	777.68109	184381.59000
"67"	38.00000	798.71942	103542.16000
"67"	39.00000	828.96198	99136.96000
"67"	40.00000	861.68750	63471.77000
"67"	41.00000	902.40753	90533.44000
"67"	42.00000	951.70630	112019.94000
"67"	43.00000	1033.41479	626160.69000
"67"	48.00000	1066.79431	46807.20000
"67"	49.00000	1116.02136	85300.23000
"67"	50.00000	1189.17944	131862.55000
"67"	51.00000	1244.89734	166528.47000
"67"	52.00000	1254.76831	27994.54000
"67"	53.00000	1296.78943	267554.10000
"67"	55.00000	1373.63574	67604.48000
"67"	56.00000	1441.09021	107942.64000
"67"	57.00000	1552.75916	344748.25000
"67"	60.00000	1602.64209	85967.25000
"67"	61.00000	1663.37842	108452.66000
"67"	62.00000	1730.63599	105514.35000
"67"	63.00000	1818.61597	364072.11000
"67"	66.00000	1883.40112	99033.21000
"67"	67.00000	1961.04736	165083.03000
"67"	68.00000	2000.00000	41814.82000
"67"	69.00000	2079.35938	2363708.71000
"67"	90.00000	2134.34619	17716.73000
"67"	91.00000	2316.14551	238860.45000
"67"	93.00000	2469.32397	100752.26000
"67"	94.00000	2594.58252	293128.62000
"67"	96.00000	2697.87427	37115.37000
"67"	97.00000	2858.09399	91317.79000
"67"	98.00000	3112.00317	201324.98000
"67"	99.00000	3362.68555	23309.72000
"67"	100.00000	4043.14111	95541.52000
"68"	1.00000	0.00000	2162938.43000
"68"	24.00000	42.39952	78019.77000
"68"	25.00000	174.10620	112661.40000
"68"	26.00000	257.65948	77397.78000
"68"	27.00000	296.25989	110264.23000
"68"	28.00000	326.20853	76640.33000
"68"	29.00000	371.10190	108062.93000
"68"	30.00000	407.63290	124958.22000
"68"	31.00000	431.59476	44306.10000
"68"	32.00000	471.21213	91994.14000
"68"	33.00000	516.46875	181452.32000
"68"	34.00000	524.77979	13231.89000
"68"	35.00000	575.99487	115416.41000
"68"	36.00000	622.94025	73342.63000
"68"	37.00000	642.57428	85493.89000
"68"	38.00000	707.50824	116322.42000
"68"	39.00000	772.90759	189122.06000
"68"	41.00000	799.84967	77608.91000
"68"	42.00000	829.94006	84306.52000
"68"	43.00000	905.93689	110260.91000
"68"	44.00000	979.98273	120635.15000
"68"	45.00000	1039.36255	455386.95000
"68"	50.00000	1072.94202	61860.48000
"68"	51.00000	1136.58838	89315.88000
"68"	52.00000	1194.61853	92827.14000
"68"	53.00000	1244.11475	137382.96000
"68"	54.00000	1294.03589	218207.43000
"68"	56.00000	1326.66089	21047.99000
"68"	57.00000	1402.06433	102543.78000
"68"	58.00000	1478.38025	84669.22000
"68"	59.00000	1559.51489	283044.73000
"68"	62.00000	1639.15369	147013.81000
"68"	63.00000	1683.15405	34640.39000
"68"	64.00000	1807.02441	331829.62000
"68"	67.00000	1864.42822	66069.67000
"68"	68.00000	1917.50269	67266.57000
"68"	69.00000	1982.73975	134652.85000
"68"	70.00000	2079.56836	1884398.26000
"68"	90.00000	2166.78906	41636.67000
"68"	91.00000	2322.68774	183998.39000
"68"	93.00000	2576.53345	306055.70000
"68"	96.00000	2805.58057	121524.24000
"68"	97.00000	3093.58325	180768.46000
"68"	99.00000	3525.34082	78022.98000
"68"	100.00000	4297.01074	54516.58000
"69"	1.00000	0.00000	1985283.68000
"69"	25.00000	43.45492	41950.13000
"69"	26.00000	166.20901	90198.39000
"69"	27.00000	258.57431	74731.65000
"69"	28.00000	299.18265	87256.22000
"69"	29.00000	328.20245	71174.66000
"69"	30.00000	364.55695	86046.60000
"69"	31.00000	406.58389	134154.43000
"69"	32.00000	440.43417	29394.30000
"69"	33.00000	477.08914	82386.60000
"69"	34.00000	516.19269	180063.38000
"69"	36.00000	549.78937	60988.74000
"69"	37.00000	594.56616	74588.49000
"69"	38.00000	624.17822	82197.22000
"69"	39.00000	653.21002	78807.57000
"69"	40.00000	719.13110	84821.19000
"69"	41.00000	776.94061	151364.91000
"69"	42.00000	798.82245	72941.54000
"69"	43.00000	829.99774	84706.40000
"69"	44.00000	838.16516	19442.82000
"69"	45.00000	883.51221	74227.19000
"69"	46.00000	943.20734	108665.09000
"69"	47.00000	996.59961	66029.32000
"69"	48.00000	1038.99719	396323.95000
"69"	53.00000	1092.34900	83295.76000
"69"	54.00000	1185.13574	119616.90000
"69"	55.00000	1246.58752	108741.54000
"69"	56.00000	1250.00000	10630.10000
"69"	57.00000	1296.79004	189470.89000
"69"	59.00000	1374.62671	60330.30000
"69"	60.00000	1440.45361	95454.16000
"69"	61.00000	1551.34314	254707.25000
"69"	64.00000	1600.09387	44803.63000
"69"	65.00000	1663.47119	82217.02000
"69"	66.00000	1751.13831	94777.56000
"69"	67.00000	1820.00000	265733.50000
"69"	70.00000	1863.77905	50445.20000
"69"	71.00000	1944.09924	113796.07000
"69"	72.00000	2012.01672	47501.49000
"69"	73.00000	2079.97363	1447209.62000
"69"	90.00000	2180.13525	23856.79000
"69"	91.00000	2326.86914	180876.54000
"69"	93.00000	2468.23706	42875.79000
"69"	94.00000	2599.26880	242971.63000
"69"	97.00000	2789.76538	82510.14000
"69"	98.00000	3102.01440	141749.75000
"69"	99.00000	3341.42456	22816.62000
"69"	100.00000	3888.24878	75917.93000
"70"	1.00000	0.00000	1697752.49000
"70"	25.00000	35.59584	37760.26000
"70"	26.00000	146.75923	69278.37000
"70"	27.00000	250.42221	87746.03000
"70"	28.00000	287.60223	65180.23000
"70"	29.00000	315.68292	77972.06000
"70"	30.00000	352.23093	63789.72000
"70"	31.00000	378.59866	55824.63000
"70"	32.00000	408.76724	91224.88000
"70"	33.00000	437.11160	50839.99000
"70"	34.00000	474.46674	59145.42000
"70"	35.00000	517.00885	99954.04000
"70"	36.00000	550.66931	43182.99000
"70"	37.00000	595.73279	68764.04000
"70"	38.00000	627.85431	79696.99000
"70"	39.00000	693.31610	55390.44000
"70"	40.00000	771.50555	185802.04000
"70"	42.00000	799.82593	62807.37000
"70"	43.00000	830.88464	79898.09000
"70"	44.00000	838.48413	22030.49000
"70"	45.00000	896.21832	66177.27000
"70"	46.00000	950.54797	68378.79000
"70"	47.00000	994.12903	69661.89000
"70"	48.00000	1039.46387	343949.73000
"70"	52.00000	1050.00000	4187.09000
"70"	53.00000	1108.90771	88197.65000
"70"	54.00000	1193.99243	91540.34000
"70"	55.00000	1244.34741	112910.40000
"70"	57.00000	1274.48242	56589.62000
"70"	58.00000	1299.89465	168623.47000
"70"	60.00000	1349.43811	33979.55000
"70"	61.00000	1435.89331	89895.00000
"70"	62.00000	1506.75867	48525.55000
"70"	63.00000	1559.59729	185370.80000
"70"	65.00000	1598.56897	45451.96000
"70"	66.00000	1662.93494	78768.60000
"70"	67.00000	1723.97156	48542.58000
"70"	68.00000	1816.58533	217134.20000
"70"	71.00000	1864.45117	49316.73000
"70"	72.00000	1948.30505	109799.83000
"70"	73.00000	1997.92236	29153.85000
"70"	74.00000	2079.46729	1295396.64000
"70"	92.00000	2133.40845	19403.54000
"70"	93.00000	2312.82959	143541.98000
"70"	95.00000	2571.52466	224052.95000
"70"	98.00000	2792.83228	51977.82000
"70"	99.00000	3118.52515	64760.74000
"70"	100.00000	3844.28857	69042.46000
"71"	1.00000	0.00000	1401489.86000
"71"	24.00000	38.84878	47134.98000
"71"	25.00000	145.25078	62531.16000
"71"	26.00000	251.70364	56765.82000
"71"	27.00000	291.27005	68260.53000
"71"	28.00000	311.52179	52503.74000
"71"	29.00000	340.26987	62116.21000
"71"	30.00000	392.83478	98535.54000
"71"	31.00000	415.71567	39843.50000
"71"	32.00000	446.28079	53235.57000
"71"	33.00000	511.60971	173392.20000
"71"	36.00000	581.60620	100238.65000
"71"	37.00000	623.55432	51224.42000
"71"	38.00000	638.90857	28191.90000
"71"	39.00000	678.58270	63466.58000
"71"	40.00000	725.94354	62758.17000
"71"	41.00000	778.23926	137036.46000
"71"	43.00000	799.50348	64279.96000
"71"	44.00000	827.80164	45645.63000
"71"	45.00000	860.47009	47610.61000
"71"	46.00000	922.25708	76877.91000
"71"	47.00000	958.55774	43743.13000
"71"	48.00000	1033.96338	342576.01000
"71"	53.00000	1064.48291	15631.37000
"71"	54.00000	1128.04749	60576.42000
"71"	55.00000	1200.22095	61617.58000
"71"	56.00000	1247.72766	71618.58000
"71"	57.00000	1296.35522	186685.87000
"71"	60.00000	1339.73901	43153.45000
"71"	61.00000	1410.75037	65671.13000
"71"	62.00000	1546.42310	248060.52000
"71"	66.00000	1598.83582	52618.99000
"71"	67.00000	1659.25793	56647.00000
"71"	68.00000	1805.74023	251417.25000
"71"	72.00000	1860.10156	59573.93000
"71"	73.00000	1934.44836	49757.56000
"71"	74.00000	1986.32129	65475.48000
"71"	75.00000	2079.63989	1073259.44000
"71"	92.00000	2167.38354	15422.07000
"71"	93.00000	2325.35083	108296.60000
"71"	94.00000	2352.00000	2108.21000
"71"	95.00000	2575.81445	144169.82000
"71"	97.00000	2717.56201	37402.42000
"71"	98.00000	3037.82397	106279.65000
"71"	99.00000	3351.66479	14683.60000
"71"	100.00000	3993.60327	58735.78000
"72"	1.00000	0.00000	1227551.29000
"72"	24.00000	7.98583	3785.36000
"72"	25.00000	71.65869	58375.56000
"72"	26.00000	197.42064	42545.85000
"72"	27.00000	258.11499	62689.91000
"72"	28.00000	290.15781	44653.66000
"72"	29.00000	315.50635	52630.67000
"72"	30.00000	353.83771	45020.87000
"72"	31.00000	396.83914	62236.53000
"72"	32.00000	415.59900	46538.65000
"72"	33.00000	468.94818	96756.70000
"72"	35.00000	516.37561	101990.54000
"72"	37.00000	553.11584	51583.04000
"72"	38.00000	614.23004	82858.86000
"72"	39.00000	634.58514	30169.32000
"72"	40.00000	666.18152	41358.06000
"72"	41.00000	709.20044	51690.49000
"72"	42.00000	772.48932	111842.12000
"72"	44.00000	801.38251	41132.79000
"72"	45.00000	830.28467	75574.46000
"72"	46.00000	863.49365	34300.11000
"72"	47.00000	920.36523	68936.43000
"72"	48.00000	959.61023	38807.07000
"72"	49.00000	996.24426	37330.59000
"72"	50.00000	1039.99182	289640.29000
"72"	55.00000	1059.03516	22025.17000
"72"	56.00000	1117.79114	46804.85000
"72"	57.00000	1189.37415	58119.80000
"72"	58.00000	1245.59338	63000.22000
"72"	59.00000	1294.66199	156499.35000
"72"	62.00000	1364.96936	38459.40000
"72"	63.00000	1443.82947	57174.53000
"72"	64.00000	1552.62329	187204.66000
"72"	67.00000	1572.00464	4793.86000
"72"	68.00000	1644.56396	105123.61000
"72"	70.00000	1702.31995	47919.76000
"72"	71.00000	1813.84729	175802.83000
"72"	74.00000	1867.19141	27711.47000
"72"	75.00000	1943.59509	60922.93000
"72"	76.00000	2077.11621	863931.78000
"72"	93.00000	2307.05640	104812.36000
"72"	95.00000	2562.71265	135831.31000
"72"	97.00000	2702.37280	14752.13000
"72"	98.00000	3005.52808	94042.41000
"72"	99.00000	3558.83276	24414.95000
"72"	100.00000	4476.45654	32909.37000
"73"	1.00000	0.00000	1059805.04000
"73"	23.00000	7.07022	4296.96000
"73"	24.00000	58.07769	44796.00000
"73"	25.00000	209.93826	45834.65000
"73"	26.00000	258.92032	52051.29000
"73"	27.00000	288.41217	42654.36000
"73"	28.00000	314.32486	54777.11000
"73"	29.00000	349.93454	48213.20000
"73"	30.00000	380.54236	36131.05000
"73"	31.00000	410.69049	80965.57000
"73"	32.00000	420.00000	14800.03000
"73"	33.00000	444.50497	42146.22000
"73"	34.00000	480.00000	49797.02000
"73"	35.00000	516.62073	100948.63000
"73"	37.00000	549.36505	33694.88000
"73"	38.00000	609.34235	67173.50000
"73"	39.00000	639.94659	25590.39000
"73"	40.00000	675.16626	53367.68000
"73"	41.00000	728.42450	42895.76000
"73"	42.00000	777.91730	99855.54000
"73"	44.00000	800.00000	43097.86000
"73"	45.00000	830.62640	66252.85000
"73"	46.00000	864.95410	20730.04000
"73"	47.00000	918.64746	67240.27000
"73"	48.00000	960.00000	24223.74000
"73"	49.00000	1002.30408	48356.70000
"73"	50.00000	1039.99438	307414.98000
"73"	56.00000	1048.91614	14742.26000
"73"	57.00000	1101.82202	41561.86000
"73"	58.00000	1173.89258	64866.10000
"73"	59.00000	1244.93896	77243.08000
"73"	61.00000	1294.86353	144391.82000
"73"	64.00000	1401.83521	48661.18000
"73"	65.00000	1470.55981	35011.15000
"73"	66.00000	1557.51270	144467.24000
"73"	69.00000	1606.78040	39775.65000
"73"	70.00000	1671.17188	49092.48000
"73"	71.00000	1755.79517	42699.88000
"73"	72.00000	1820.00000	132530.95000
"73"	74.00000	1847.64526	5428.17000
"73"	75.00000	1895.07788	49743.01000
"73"	76.00000	1970.47437	43091.35000
"73"	77.00000	2077.42578	709216.16000
"73"	92.00000	2305.84009	93025.92000
"73"	94.00000	2477.43359	29082.52000
"73"	95.00000	2597.69238	145148.81000
"73"	98.00000	2798.74292	40089.85000
"73"	99.00000	3112.95996	50247.66000
"73"	100.00000	4154.72021	39979.42000
"74"	1.00000	0.00000	927943.30000
"74"	24.00000	17.11179	9115.58000
"74"	25.00000	67.40528	33931.24000
"74"	26.00000	184.91476	44211.30000
"74"	27.00000	256.23456	36171.74000
"74"	28.00000	286.28976	46151.77000
"74"	29.00000	314.59009	33850.45000
"74"	30.00000	354.25854	33926.05000
"74"	31.00000	393.43716	40035.44000
"74"	32.00000	415.49448	44641.51000
"74"	33.00000	463.06415	38738.55000
"74"	34.00000	515.01208	105984.77000
"74"	36.00000	525.00000	4869.26000
"74"	37.00000	582.43219	70081.71000
"74"	38.00000	623.57385	55770.51000
"74"	40.00000	644.44586	27143.59000
"74"	41.00000	701.21460	44873.45000
"74"	42.00000	752.36346	34526.04000
"74"	43.00000	780.00000	76997.14000
"74"	45.00000	819.49609	82370.29000
"74"	47.00000	880.61450	35420.82000
"74"	48.00000	946.88873	46770.39000
"74"	49.00000	1035.35107	248352.56000
"74"	55.00000	1053.52795	13172.27000
"74"	56.00000	1093.60852	39833.09000
"74"	57.00000	1190.69958	61491.09000
"74"	58.00000	1247.92859	45203.13000
"74"	59.00000	1273.88184	20343.67000
"74"	60.00000	1298.98096	73178.46000
"74"	62.00000	1380.39453	34249.29000
"74"	63.00000	1471.22632	39419.17000
"74"	64.00000	1557.65271	176116.97000
"74"	68.00000	1596.77173	21523.91000
"74"	69.00000	1655.30518	43722.78000
"74"	70.00000	1807.47498	173673.12000
"74"	74.00000	1869.80371	15259.06000
"74"	75.00000	1928.29041	33729.71000
"74"	76.00000	1985.59717	41173.27000
"74"	77.00000	2079.65649	609766.17000
"74"	92.00000	2171.09106	6991.40000
"74"	93.00000	2337.63696	46541.84000
"74"	94.00000	2578.41748	135000.14000
"74"	97.00000	2819.96265	24220.42000
"74"	98.00000	3084.85962	61476.48000
"74"	99.00000	3380.00000	6934.32000
"74"	100.00000	4117.96191	36276.28000
"75"	1.00000	0.00000	851151.64000
"75"	25.00000	21.83118	24490.32000
"75"	26.00000	117.95346	36364.37000
"75"	27.00000	250.54756	48097.78000
"75"	28.00000	274.20865	22303.69000
"75"	29.00000	304.10129	37383.81000
"75"	30.00000	339.21994	36163.86000
"75"	31.00000	378.55078	36161.02000
"75"	32.00000	399.44263	39503.46000
"75"	33.00000	416.00000	44074.38000
"75"	34.00000	428.83331	17808.20000
"75"	35.00000	467.82556	39784.42000
"75"	36.00000	516.97900	105112.21000
"75"	39.00000	547.11737	28503.08000
"75"	40.00000	588.96796	57709.89000
"75"	41.00000	623.74054	50275.67000
"75"	43.00000	640.75739	34054.27000
"75"	44.00000	682.96704	31782.72000
"75"	45.00000	765.61920	93430.75000
"75"	47.00000	798.06055	34356.37000
"75"	48.00000	830.91315	16995.53000
"75"	49.00000	886.63965	44889.95000
"75"	50.00000	950.26019	37290.09000
"75"	51.00000	996.38403	38356.96000
"75"	52.00000	1039.24243	183385.74000
"75"	57.00000	1058.20264	7080.71000
"75"	58.00000	1105.65894	39818.15000
"75"	59.00000	1189.74121	31807.66000
"75"	60.00000	1246.77588	47606.07000
"75"	61.00000	1264.06201	20091.15000
"75"	62.00000	1299.11780	59635.26000
"75"	63.00000	1337.71387	13793.46000
"75"	64.00000	1433.96228	42702.76000
"75"	65.00000	1550.28015	123056.90000
"75"	68.00000	1575.00000	9484.50000
"75"	69.00000	1641.70374	54259.92000
"75"	70.00000	1732.80530	12897.14000
"75"	71.00000	1816.80127	110533.41000
"75"	74.00000	1884.04211	29643.26000
"75"	75.00000	1984.46899	50538.90000
"75"	76.00000	2079.52002	543161.06000
"75"	91.00000	2100.00000	1196.33000
"75"	92.00000	2309.96631	55355.58000
"75"	93.00000	2496.00000	16742.83000
"75"	94.00000	2591.94629	88146.71000
"75"	96.00000	2686.23633	18478.64000
"75"	97.00000	3046.68213	71328.67000
"75"	99.00000	3856.17065	45885.97000
"75"	100.00000	4914.93945	18302.85000
"76"	1.00000	0.00000	599126.80000
"76"	22.00000	23.47910	18699.25000
"76"	23.00000	81.71688	28479.81000
"76"	24.00000	211.97719	27638.76000
"76"	25.00000	264.99820	30411.15000
"76"	26.00000	306.51114	29686.01000
"76"	27.00000	319.62167	23699.31000
"76"	28.00000	351.96780	31772.87000
"76"	29.00000	374.61603	26491.96000
"76"	30.00000	400.26233	26818.18000
"76"	31.00000	418.63788	27132.00000
"76"	32.00000	474.32849	55043.81000
"76"	33.00000	481.00000	3255.40000
"76"	34.00000	517.63226	100131.17000
"76"	37.00000	534.52045	12513.95000
"76"	38.00000	581.21283	42750.45000
"76"	39.00000	621.93121	31494.58000
"76"	40.00000	630.00000	8043.69000
"76"	41.00000	692.51294	43691.57000
"76"	42.00000	728.00000	22989.57000
"76"	43.00000	746.95618	15995.42000
"76"	44.00000	777.46307	55173.62000
"76"	45.00000	784.00000	2231.53000
"76"	46.00000	799.28662	44943.80000
"76"	47.00000	829.42334	48596.76000
"76"	49.00000	857.28107	17634.99000
"76"	50.00000	912.64386	39961.17000
"76"	51.00000	986.80493	28243.86000
"76"	52.00000	1039.36096	191829.11000
"76"	59.00000	1083.88452	20015.76000
"76"	60.00000	1180.15259	38595.23000
"76"	61.00000	1242.94153	20366.29000
"76"	62.00000	1292.80029	110156.63000
"76"	66.00000	1372.07629	27122.00000
"76"	67.00000	1438.92957	43293.86000
"76"	68.00000	1554.46106	89300.67000
"76"	71.00000	1600.00000	11056.37000
"76"	72.00000	1681.73010	25663.56000
"76"	73.00000	1813.97754	74265.05000
"76"	75.00000	1866.80273	13619.20000
"76"	76.00000	1948.43518	33854.71000
"76"	77.00000	2005.87146	17587.57000
"76"	78.00000	2080.00000	429262.23000
"76"	93.00000	2288.17529	39631.88000
"76"	94.00000	2467.89551	11334.23000
"76"	95.00000	2598.72729	69125.21000
"76"	97.00000	2720.44556	13330.65000
"76"	98.00000	3043.93726	34385.25000
"76"	99.00000	3629.55273	24960.27000
"76"	100.00000	4329.74854	22377.09000
"77"	1.00000	0.00000	545892.68000
"77"	23.00000	6.20372	4031.39000
"77"	24.00000	82.70142	23006.26000
"77"	25.00000	248.91193	41243.99000
"77"	26.00000	269.01541	10682.97000
"77"	27.00000	283.84976	19877.49000
"77"	28.00000	305.35721	29813.40000
"77"	29.00000	318.45612	19845.67000
"77"	30.00000	354.52777	28872.47000
"77"	31.00000	392.73679	31632.46000
"77"	32.00000	416.00000	27192.39000
"77"	33.00000	425.48532	6319.74000
"77"	34.00000	466.73038	28787.59000
"77"	35.00000	515.81628	47328.38000
"77"	37.00000	563.76495	25795.01000
"77"	38.00000	594.64886	25765.91000
"77"	39.00000	624.00000	40676.91000
"77"	41.00000	648.93988	22848.78000
"77"	42.00000	704.54120	32307.98000
"77"	43.00000	743.60999	14716.30000
"77"	44.00000	780.00000	52211.26000
"77"	46.00000	799.32446	28666.15000
"77"	47.00000	832.00000	23420.09000
"77"	48.00000	875.76270	16731.75000
"77"	49.00000	944.78326	27072.90000
"77"	50.00000	993.33215	19782.30000
"77"	51.00000	1040.00000	158946.41000
"77"	57.00000	1087.07678	8363.11000
"77"	58.00000	1144.77759	24526.77000
"77"	59.00000	1230.08093	43581.71000
"77"	60.00000	1250.00000	3517.95000
"77"	61.00000	1294.31616	45105.45000
"77"	62.00000	1320.00000	2048.68000
"77"	63.00000	1376.32739	25491.23000
"77"	64.00000	1448.81494	28396.64000
"77"	65.00000	1555.50867	122281.36000
"77"	70.00000	1596.19727	14876.57000
"77"	71.00000	1664.00000	24439.97000
"77"	72.00000	1805.81799	98663.19000
"77"	76.00000	1870.76917	22094.26000
"77"	77.00000	1917.07227	20977.51000
"77"	78.00000	2074.91455	359172.78000
"77"	93.00000	2300.04565	38538.94000
"77"	94.00000	2450.44727	11762.84000
"77"	95.00000	2597.49805	66439.83000
"77"	97.00000	2704.00000	8582.19000
"77"	98.00000	3002.95386	35384.66000
"77"	99.00000	3576.51904	13968.57000
"77"	100.00000	4529.56299	15011.64000
"78"	1.00000	0.00000	425128.78000
"78"	21.00000	10.94671	7347.51000
"78"	22.00000	68.26562	20998.27000
"78"	23.00000	253.82985	40366.37000
"78"	25.00000	303.75980	40825.06000
"78"	26.00000	320.00000	5454.12000
"78"	27.00000	368.50085	18457.11000
"78"	28.00000	399.37259	27196.10000
"78"	29.00000	414.74933	17946.00000
"78"	30.00000	465.84082	20472.00000
"78"	31.00000	504.39740	19577.94000
"78"	32.00000	520.00000	52186.15000
"78"	34.00000	535.21069	5215.71000
"78"	35.00000	584.81543	25258.11000
"78"	36.00000	624.00000	33414.34000
"78"	37.00000	630.00000	2862.53000
"78"	38.00000	643.84930	19056.76000
"78"	39.00000	706.23346	25181.00000
"78"	40.00000	769.03412	51442.46000
"78"	42.00000	794.92554	16338.66000
"78"	43.00000	829.96606	10832.47000
"78"	44.00000	878.95239	25713.14000
"78"	45.00000	929.03326	19030.15000
"78"	46.00000	985.46204	21121.20000
"78"	47.00000	1039.41968	163185.63000
"78"	55.00000	1084.99170	21032.35000
"78"	56.00000	1139.20667	16431.74000
"78"	57.00000	1204.46216	25413.20000
"78"	58.00000	1245.19934	26343.52000
"78"	59.00000	1292.65637	45922.92000
"78"	61.00000	1344.47144	11311.73000
"78"	62.00000	1429.81262	25140.27000
"78"	63.00000	1456.00000	15762.49000
"78"	64.00000	1551.68640	78892.30000
"78"	68.00000	1642.13660	40237.71000
"78"	70.00000	1812.87573	71989.25000
"78"	73.00000	1863.57275	19945.15000
"78"	74.00000	1917.02771	14647.94000
"78"	75.00000	1972.66663	16070.92000
"78"	76.00000	2077.40234	341969.40000
"78"	92.00000	2136.72510	6901.83000
"78"	93.00000	2302.81201	27302.17000
"78"	94.00000	2463.88940	18172.74000
"78"	95.00000	2592.25366	51552.26000
"78"	97.00000	2690.91675	17024.98000
"78"	98.00000	2861.24487	9343.93000
"78"	99.00000	3120.78467	21749.86000
"78"	100.00000	3706.48120	19347.11000
"79"	1.00000	0.00000	336892.38000
"79"	21.00000	1.00000	2949.10000
"79"	22.00000	62.31530	14837.53000
"79"	23.00000	207.59911	16412.32000
"79"	24.00000	259.29147	22858.82000
"79"	25.00000	275.23538	10200.65000
"79"	26.00000	305.51761	27921.46000
"79"	27.00000	320.00000	4765.41000
"79"	28.00000	372.04236	20030.08000
"79"	29.00000	399.24857	14182.70000
"79"	30.00000	415.47330	32539.18000
"79"	32.00000	468.95532	19762.70000
"79"	33.00000	516.14685	33710.46000
"79"	35.00000	531.84039	6187.12000
"79"	36.00000	567.99872	16564.50000
"79"	37.00000	594.84772	20759.17000
"79"	38.00000	620.48529	25471.58000
"79"	39.00000	640.00000	12052.49000
"79"	40.00000	687.75232	6095.92000
"79"	41.00000	731.35944	17453.50000
"79"	42.00000	776.52325	44276.35000
"79"	44.00000	800.00000	4775.29000
"79"	45.00000	829.54236	26770.89000
"79"	46.00000	840.00000	3643.14000
"79"	47.00000	910.86633	19746.58000
"79"	48.00000	960.00000	11826.05000
"79"	49.00000	1034.85278	105681.18000
"79"	55.00000	1061.68994	8857.88000
"79"	56.00000	1090.65479	18202.07000
"79"	57.00000	1183.97485	12576.70000
"79"	58.00000	1248.70618	15410.84000
"79"	59.00000	1297.64868	36337.08000
"79"	61.00000	1388.04858	23521.51000
"79"	62.00000	1450.55542	9399.03000
"79"	63.00000	1550.80859	55621.61000
"79"	66.00000	1600.00000	10896.64000
"79"	67.00000	1657.78027	19338.83000
"79"	68.00000	1730.80249	6460.38000
"79"	69.00000	1819.02100	61837.07000
"79"	72.00000	1872.00000	3385.69000
"79"	73.00000	1949.58167	18008.32000
"79"	74.00000	2077.65454	285075.40000
"79"	91.00000	2160.00000	1827.50000
"79"	92.00000	2337.71875	27412.75000
"79"	93.00000	2460.31030	4511.21000
"79"	94.00000	2590.08057	51291.68000
"79"	97.00000	2785.47754	14562.24000
"79"	98.00000	3120.00000	27920.73000
"79"	99.00000	3380.00000	8138.66000
"79"	100.00000	4042.61206	9468.14000
"80"	1.00000	0.00000	848869.66000
"80"	21.00000	23.33265	5101.28000
"80"	22.00000	128.43587	39759.31000
"80"	23.00000	251.52345	40680.30000
"80"	24.00000	291.85382	54293.28000
"80"	25.00000	311.73529	54197.76000
"80"	26.00000	320.00000	13671.15000
"80"	27.00000	354.86276	41181.65000
"80"	28.00000	376.98807	43533.96000
"80"	29.00000	408.34393	71821.57000
"80"	30.00000	427.29953	11436.63000
"80"	31.00000	464.21799	49574.58000
"80"	32.00000	518.14105	109837.72000
"80"	35.00000	560.14398	39427.83000
"80"	36.00000	616.64459	108792.72000
"80"	38.00000	653.25519	11589.07000
"80"	39.00000	699.12842	55709.15000
"80"	40.00000	740.36188	25622.61000
"80"	41.00000	778.93146	93724.84000
"80"	43.00000	822.33557	66177.97000
"80"	44.00000	833.00000	2301.81000
"80"	45.00000	905.97198	53990.99000
"80"	46.00000	963.56293	29135.35000
"80"	47.00000	1035.82776	306520.69000
"80"	54.00000	1077.98877	19766.24000
"80"	55.00000	1169.04565	49980.09000
"80"	56.00000	1247.23035	68090.88000
"80"	58.00000	1287.96069	89770.34000
"80"	60.00000	1407.45837	41673.43000
"80"	61.00000	1460.35315	36071.49000
"80"	62.00000	1549.74426	148653.51000
"80"	65.00000	1600.00000	27609.12000
"80"	66.00000	1660.37915	45278.85000
"80"	67.00000	1715.12354	24221.54000
"80"	68.00000	1815.35571	125866.58000
"80"	71.00000	1892.25305	40497.26000
"80"	72.00000	1961.78784	47307.96000
"80"	73.00000	2000.00000	24872.46000
"80"	74.00000	2079.83301	762130.93000
"80"	92.00000	2197.82324	10644.08000
"80"	93.00000	2334.73901	64837.01000
"80"	94.00000	2448.85962	12729.08000
"80"	95.00000	2594.67944	105460.47000
"80"	97.00000	2744.04785	24746.32000
"80"	98.00000	3035.67847	87936.98000
"80"	100.00000	4074.42212	25333.60000
